digraph bieu_do {
	012364785
	623150784
	012563847
	230154687
	023175684
	320651784
	316254708
	316250784
	324761085
	134520687
	023164857
	321486705
	213065784
	013652784
	136720485
	236185704
	241365780
	213605784
	310426785
	140736285
	142635708
	204716385
	243017685
	103624785
	102683754
	162534780
	602153784
	120463875
	123564708 [fillcolor=red style=filled]
	234160785
	214365870
	413025678
	240163875 [fillcolor=red style=filled]
	310286745
	036152784
	103528467
	216043875 [fillcolor=red style=filled]
	243108576
	123704586
	213685704
	013524768
	123045786 [fillcolor=red style=filled]
	163025784
	215364708
	250163784
	032164875 [fillcolor=red style=filled]
	012643857
	130725846
	123476085
	240716385
	053162784
	263104785
	012843675
	043281756
	213486075
	123856047
	123056847
	364102785
	612043857
	182403657
	201436875 [fillcolor=red style=filled]
	103246785
	012843756
	012583674
	214635708
	230157864
	120583674
	124635870
	142603785
	063125784
	201736485
	625310784
	213645870
	023154876
	140326785
	132645807
	024136785
	021536784
	321746085
	613024857
	103524768
	301624875
	123086457
	012743865
	152603487
	231506784
	130624857
	301276485
	213645807
	123706854
	230176485
	123567084
	214786305
	023178456
	712063485
	023154687
	163254780
	130426587
	031276485
	023561784
	231604785
	421306875
	215036784
	214683705
	204163875 [fillcolor=red style=filled]
	263501784
	812043675
	261403785
	103524687
	123467508
	012473856
	123475068
	021463785
	231470856
	261350784
	123865704 [fillcolor=red style=filled]
	253108674
	652103784
	123670584
	123067845
	216053784
	123605487
	134520876
	351026784
	120463587
	203157486
	230185764
	123408576 [fillcolor=red style=filled]
	032461785
	120483657
	413025867
	123846750 [fillcolor=red style=filled]
	234150687
	124863075
	260351784
	713024586
	162403587
	041236785
	103726485
	325160784
	160325784
	612034875
	013428576
	123654087 [fillcolor=red style=filled]
	362401785
	012573864
	130624785
	123547680 [fillcolor=red style=filled]
	216473805
	325106784
	273106854
	265103784
	123506847
	137620584
	265130784
	123487605
	123057864
	123657480
	513028746
	203154768
	312640785
	021436875
	230461875
	413027568
	310562784
	182603754
	123854076
	140236875
	103726854
	230154876
	651302784
	530162784
	316285704
	103426875
	123478056
	123507486
	612073584
	102673584
	123684705
	243160875 [fillcolor=red style=filled]
	123607845
	340216785
	301625784
	013425678
	123674580
	123486507
	240361785
	120453867
	123765480
	325016784
	034162785
	023615784
	230146587
	134625780
	621503784
	024186375
	032165784
	123548760 [fillcolor=red style=filled]
	356120784
	012853764
	203175684
	031562784
	256310784
	013625487
	130528746
	513028674
	013725684
	165320784
	013642875
	163205784
	213465780
	123580674
	123708456
	132674805
	236140875
	360215784
	230165487
	123857064
	203157648
	130826745
	234610875
	412053867
	102653874
	123480657
	231840756 [fillcolor=red style=filled]
	120543876
	123584607
	241386705
	120643578
	413207685
	103826745
	015623784
	138620754
	136752084
	283104675
	123650487
	130728564
	013526847
	123675084
	123764805
	023158674
	203165487
	203145786
	021346785
	123574860
	261305784
	203158674
	325164708
	163240875 [fillcolor=red style=filled]
	135420867
	203174586
	142703586
	126354708
	130427568
	023167458
	162530784
	120583746
	124736085
	283105764
	120483576
	421376805
	253186704
	130425678
	125634708
	016532784
	120653874
	123064785
	120863574
	031625784
	214306875
	304216785
	103724865
	130524768
	512073486
	123478506 [fillcolor=red style=filled]
	231846750 [fillcolor=red style=filled]
	126354780
	214063785
	563102784
	352061784
	136245780
	023157864
	123056784 [fillcolor=red style=filled]
	230147856
	231756084
	102653748
	023186574
	123574806
	013427685
	243105678
	230184675
	321645870
	526013784
	123405678
	310624875
	032651784
	231786045
	241306785
	162340785
	214376850
	153624708
	312064785
	162384705
	213640875
	023174586
	512043768
	612053874
	230154768
	237160584
	123645078
	123680547
	103624857
	102453867
	021653784
	142635780
	123045867
	123068754
	014263785
	602315784
	238150674
	130627584
	813025764
	203164785
	132685704
	120753846
	203154876
	134276805
	013826574
	023185764
	102643578
	162403875
	510263784
	421063785
	123485706
	253108746
	230641785
	130625874
	432061785
	023167845
	134762085
	134620785
	123560847
	120643785
	123648507
	123075846
	526130784
	562301784
	316025784
	102763854
	206513784
	203147685
	613752084
	321645807
	014623875
	120843756
	013527648
	123850647
	156230784
	102543768
	103824675
	423106785
	160253784
	462103785
	120543687
	102483657
	024316875
	123648057
	123684750
	243170685
	143625807
	813024675
	135820764
	123407568 [fillcolor=red style=filled]
	513028467
	341206875
	125603784
	621753084
	152703846
	123507648
	503216784
	230157486
	213064875
	273104586
	023614875
	123705846 [fillcolor=red style=filled]
	230164785
	013624578
	123465807
	103526784
	513027648
	253164708
	023156847
	216830745
	012653487
	630125784
	203156847
	314265708
	136204785
	513027864
	103427568
	143862075
	521364708
	123708564
	260135784
	613502784
	013528467
	123470856
	123687540
	014236875
	516032784
	321465780
	134826075
	234150876
	123874065
	182503746
	243106875 [fillcolor=red style=filled]
	125763084
	413028657
	023175846
	341602785
	613024578
	213864075
	213650784
	102463875
	123785064
	235170684
	016325784
	203158746
	403217685
	306124785
	123647085
	821036745
	160532784
	315062784
	324165807
	124386705
	203841756 [fillcolor=red style=filled]
	231076485
	123460875
	431206785
	316420785
	613024785
	146730285
	123804675
	152703684
	120673845
	612305784
	130824756
	215306784
	120473685
	123687054
	123685407
	102583746
	421836075
	012634875
	130246785
	142503687
	324816075
	123460587
	213654708
	312506784
	213765804
	351286704
	102543876
	106532784
	231640785
	264103875
	231586704
	421763085
	172603584
	102473568
	521386704
	140276385
	162503847
	120643857
	413025786
	361052784
	321654708
	182503674
	123645708
	150236784
	052361784
	513024687
	216304785
	031246875
	162503784
	203615784
	103627845
	123045678
	301246875
	172603845
	206314785
	130427856
	013724865
	023147685
	123564078
	206135784
	203146587
	235160874
	153682704
	123658704
	512083746
	051326784
	243081756 [fillcolor=red style=filled]
	123860745
	120653487
	031426785
	523601784
	203145867
	230416785
	613025874
	103627584
	325164780
	123546087
	120673584
	123457860
	126350784
	235610784
	610352784
	203178456
	260314785
	123807654
	314286705
	163824075
	103625874
	102563847
	102364785
	123086574
	123758046
	123470568 [fillcolor=red style=filled]
	214376085
	203187654
	120853764
	152603874
	123508674
	123865074 [fillcolor=red style=filled]
	231560784
	213654780
	136052784
	241736085
	134760285
	231046875 [fillcolor=red style=filled]
	621053784
	103427856
	230176854
	263105487
	530216784
	316725084
	234106785
	102583674
	123057486
	230146875
	120843675
	130527486
	236170485
	532716084
	013825764
	624013785
	203461875
	123648570
	203148576
	230175684
	301562784
	130527864
	152403678
	051263784
	123567804
	136284705
	324601785
	231706485
	315620784
	203187465
	124386075
	120356784
	105623784
	012453867
	214836075
	523061784
	623154708
	024163875 [fillcolor=red style=filled]
	165302784
	123078564
	231460875
	243165870
	430126785
	123084675
	203147856
	253107864
	152803764
	241365708
	261354780
	134026875 [fillcolor=red style=filled]
	123876504
	260513784
	310246875
	431286705
	123085764
	123680754
	023164578
	321765084
	120653748
	120573864
	612043785
	152403867
	306152784
	321465708
	123504768 [fillcolor=red style=filled]
	521360784
	520361784
	273108564
	123486570
	132864075
	431026785
	324165870
	612354708
	230186574
	123047568 [fillcolor=red style=filled]
	240136785
	203165874
	123875046
	206351784
	123647805
	104632785
	021364875
	613027584
	012543687
	631042785
	123857640
	124603875 [fillcolor=red style=filled]
	123670845
	102356784
	134265870
	632051784
	253104768
	243016875
	325186704
	023147568
	314026785
	512083674
	483201756
	163250784
	035126784
	130425867
	421360875
	142603857
	143265708
	012473685
	261385704
	312560784
	623105784
	214763085
	023148657
	012683754
	162703485
	023186745
	132765804
	130627845
	014326785
	512603784
	130726854
	123457086
	135264780
	016342785
	321674805
	813024756
	123054768
	231476085
	403126785
	123876054
	125683704
	016253784
	123647850
	130642875
	231764085
	123406875
	260413875
	123704865
	520136784
	310276485
	231476850
	123675840
	013725846
	321864075
	216530784
	103286475
	412053678
	302164875 [fillcolor=red style=filled]
	130425786
	130625487
	213765084
	162345780
	106234785
	237140685
	162734085
	023154768
	016234785
	263107584
	120753684
	615023784
	134270856
	123407685
	436120785
	152306784
	246130785
	013527486
	031264785
	102743586
	172403685
	163274805
	613052784
	023145678
	023178564
	102473685
	612073845
	120743586
	103265784
	123574086
	123657048
	132765084
	412083657
	125630784
	164230785
	134602785
	023146875 [fillcolor=red style=filled]
	301286745
	203148657
	136520784
	234016785
	123476850
	052136784
	216034785
	123745860
	243816075
	123570864
	243801756 [fillcolor=red style=filled]
	120763485
	102563784
	615230784
	204186375
	123874605
	123864507
	130427685
	513286704
	135286704
	123450786 [fillcolor=red style=filled]
	024361785
	410236785
	123586074
	123457806
	631025784
	243107685
	130428576
	026513784
	203167845
	053216784
	012763854
	713028564
	123604857
	123408657
	123405867
	102483576
	123765048
	012673584
	123864057
	143286705
	123806745
	163245807
	013426875
	123745086 [fillcolor=red style=filled]
	106342785
	012653748
	013527864
	213480756
	210634785
	412073568
	502136784
	416230785
	134682705
	123504687 [fillcolor=red style=filled]
	162583704
	123654870 [fillcolor=red style=filled]
	216345780
	304126875 [fillcolor=red style=filled]
	123564780 [fillcolor=red style=filled]
	610235784
	123487650
	136280475
	431260785
	123786045
	513024768
	123650748
	132640875
	612385704
	324106875 [fillcolor=red style=filled]
	013265784
	302651784
	521364780
	130625748
	213674805
	105236784
	152386704
	142803675
	123846075 [fillcolor=red style=filled]
	620315784
	013524876
	104263785
	123046587
	023165874
	014632785
	714036285
	423160785
	512763084
	123456780 [fillcolor=green style=filled]
	231760485
	301256784
	213406785
	512043876
	146302785
	013824675
	724016385
	123605748
	230158674
	013627584
	138520674
	013524687
	263105874
	123805764 [fillcolor=red style=filled]
	712043586
	210736485
	136524708
	513026847
	130524876
	142503768
	351260784
	321685704
	203186574
	312586704
	135620874
	230156784
	305126784
	214360875
	123076485
	230167845
	350126784
	231756804
	143265780
	236154708
	631205784
	410326875
	314726085
	153762084
	413027856
	123578640
	253716084
	302516784
	125063784
	320516784
	623041785
	103526847
	126385704
	123605874 [fillcolor=red style=filled]
	123768504
	023187654
	340126875
	130725684
	143206785
	134076285
	301264785
	713026854
	412083576
	521036784
	124365708
	106253784
	023157648
	123084756
	012635784
	032641875
	721036485
	123705468
	134625708
	016243875 [fillcolor=red style=filled]
	201634785
	130825764
	321065784
	371206485
	023174865
	201536784
	126735084
	136240785
	261354708
	302614785
	236154780
	123645780
	536210784
	403162875
	351726084
	523761084
	203164578
	123054876
	013628754
	130724865
	102753684
	253104687
	103528674
	142683705
	203156784
	316270485
	613027845
	251763084
	162304785
	135726084
	123650874 [fillcolor=red style=filled]
	120573486
	123504876
	321640875
	136582704
	612354780
	813027654
	230187654
	103425678
	381206745
	123785604
	561203784
	135720684
	230145678
	123845670
	253106847
	324061785
	032614785
	123087654
	203157864
	130827654
	123540768 [fillcolor=red style=filled]
	136720854
	013427568
	240613785
	230174586
	324160875 [fillcolor=red style=filled]
	413270685
	123756804 [fillcolor=red style=filled]
	123746508
	324610785
	103524876
	412073856
	023168754
	321605784
	183206475
	340176285
	163725084
	124360785
	134260875 [fillcolor=red style=filled]
	813026745
	120453786
	251063784
	412073685
	123540876
	123058674
	203174865
	130528467
	123478560 [fillcolor=red style=filled]
	104276385
	213746805
	032516784
	234186705
	203167584
	263401875
	135026784
	130426875
	124386750
	201836745
	230156847
	123675804
	304176285
	014276385
	430216875
	120473856
	203175468
	501263784
	123458607
	013425786
	102643857
	231786405
	123467580
	021634785
	324176805
	013528746
	231064785
	125634780
	137420685
	023641785
	012543876
	231465807
	532106784
	062153784
	012753846
	102843675
	235180764
	142630785
	062134785
	103625487
	321406785
	130527648
	430217685
	123768054
	123674508
	230168754
	321046785
	150362784
	231846075 [fillcolor=red style=filled]
	123470685
	124673805
	023175468
	253160784
	632041875
	623715084
	102473856
	146320785
	062315784
	123756840 [fillcolor=red style=filled]
	312645780
	123546870
	123087465
	312684705
	201653784
	043126785
	012483576
	143062875
	623015784
	123850764 [fillcolor=red style=filled]
	130264875 [fillcolor=red style=filled]
	513726084
	137520864
	031286745
	013625748
	123547068 [fillcolor=red style=filled]
	201346785
	102635784
	103824756
	283106574
	253106784
	134265807
	135420678
	312056784
	034216785
	137420856
	204136785
	013625874
	123705684
	142703865
	123864570
	172403568
	123067458
	152360784
	302641875
	214635780
	132654708
	216435870
	213460785
	250316784
	203186745
	123480576
	283107654
	130528674
	024716385
	203185764
	412063587
	325716084
	230145867
	123046875 [fillcolor=red style=filled]
	413826075
	352601784
	134706285
	238160754
	153620784
	132650784
	214376805
	172403856
	203164857
	123450678
	123467058
	812053764
	136820574
	123548706 [fillcolor=red style=filled]
	213806475
	031256784
	023165748
	026413875
	203176485
	041326875
	134062785
	123764850
	123047856
	230561784
	103428657
	430281756
	023158467
	142763085
	021736485
	123840756 [fillcolor=red style=filled]
	162034785
	123458670
	102653487
	123580746
	316240875
	130824675
	012563784
	136524780
	614032785
	310264785
	251603784
	621034785
	012643578
	123604785
	123806457
	103728564
	123687504
	416320875
	253164780
	216753084
	135264708
	243601785
	023184675
	023145786
	123754608
	312764085
	614023875
	216430875 [fillcolor=red style=filled]
	146270385
	134206875 [fillcolor=red style=filled]
	216843075
	123058467
	216345708
	015362784
	320164875 [fillcolor=red style=filled]
	413206875
	123740865
	102634875 [fillcolor=red style=filled]
	123640578
	243105867
	301426785
	623154780
	234716085
	124365780
	240316875
	231564708
	123406587
	631024875
	243107856
	023187465
	123065874 [fillcolor=red style=filled]
	103428576
	213486705
	431726085
	123840675
	013827654
	402163785
	142503876
	031642785
	203145678
	132645870
	423061875
	501326784
	346210785
	123576480
	516320784
	103427685
	613025487
	103527486
	013427856
	123405786 [fillcolor=red style=filled]
	135206784
	214036875
	012356784
	163204875 [fillcolor=red style=filled]
	123074586
	012463875
	143602875
	103827654
	103426587
	123860574
	213746085
	132604875 [fillcolor=red style=filled]
	123586740
	163254708
	512043687
	162534708
	123075684
	104623875
	340162785
	310642785
	231056784
	153624780
	253107486
	123507864
	123760485
	023461875
	136724085
	123540687 [fillcolor=red style=filled]
	104736285
	603125784
	013728564
	823041756
	321604875
	324016875
	143260785
	263107845
	213046785
	124380756
	713025684
	163024875
	013726854
	136420587
	102673845
	423016785
	146203875
	413026875
	123580467
	812043756
	023176854
	123870654
	026314785
	314620875
	123508746
	106243875 [fillcolor=red style=filled]
	214706385
	712053684
	612043578
	312756084
	312645708
	243851706
	214076385
	123756084 [fillcolor=red style=filled]
	162053784
	123604578
	123047685
	231645708
	203158467
	123804756 [fillcolor=red style=filled]
	312604785
	261035784
	130624578
	123475680
	123048657
	513264708
	124306785
	205316784
	413627085
	123546807
	612350784
	513027486
	124063875 [fillcolor=red style=filled]
	013724586
	162703854
	216730485
	014736285
	231476805
	326501784
	231564780
	123487065
	603124875
	023167584
	342601875
	423165780
	214365807
	123567840
	315762084
	146230875
	023158746
	210364875
	123706485
	713026485
	123740586
	103527648
	712053846
	204361785
	241360785
	231684705
	230186745
	124806375
	231465870
	361502784
	420163785
	123640857
	012453678
	102573864
	123780564
	216340785
	123640785
	241036785
	314206785
	320641875
	243176805
	013264875
	256301784
	163245870
	103528746
	123054687 [fillcolor=red style=filled]
	140632785
	142603578
	413027685
	123845067
	231804756
	153062784
	043216875
	130526784
	123486057
	120563784
	136245708
	140263785
	326751084
	123607458
	013624785
	123684075
	316042785
	160243875 [fillcolor=red style=filled]
	124736805
	043162875
	102453678
	602134785
	142063785
	210365784
	203147568
	021643875
	102863574
	061235784
	103725684
	360152784
	320461785
	102763485
	143026785
	023145867
	034176285
	301642785
	103724586
	316254780
	513264780
	023416785
	306215784
	231846705 [fillcolor=red style=filled]
	601235784
	502361784
	521306784
	123584670
	130826574
	216435807
	021836745
	320614785
	104326785
	203416785
	012763485
	230165874
	174206385
	130726485
	124036785
	521736084
	023157486
	013428657
	172503864
	601352784
	231086745
	203175846
	126305784
	102853764
	104236875
	123754680
	023184756
	261735084
	123750684
	120683754
	204613785
	143672805
	123064578
	123450867
	152364708
	023164785
	123745806 [fillcolor=red style=filled]
	042163785
	216503784
	123064857
	023165487
	253016784
	123075468
	023176485
	026351784
	321460785
	361204785
	012743586
	025316784
	531062784
	150623784
	231860745
	510326784
	513024876
	013726485
	162753084
	123845607
	230158746
	123086745
	123570648
	236140587
	163285704
	123548076 [fillcolor=red style=filled]
	401236785
	312564780
	140623875
	123657408
	216583704
	401326875
	153602784
	362105784
	413026587
	123065748
	513260784
	321654780
	012673845
	123057648
	312756804
	063124875
	126035784
	351206784
	236150784
	143726085
	103624578
	231406875 [fillcolor=red style=filled]
	253104876
	013627845
	426013875
	231645780
	123508467
	103652784
	283106745
	203165748
	237150486
	310256784
	320165784
	123786405
	210536784
	012463587
	123784506
	152736084
	136502784
	512063784
	123465087
	024613785
	243781056 [fillcolor=green style=filled]
	123867045
	312564708
	503162784
	214760385
	216534708
	263108754
	135260784
	236170854
	236015784
	123865740
	103425867
	204316875
	241603875
	152036784
	102743865
	201463785
	512073864
	012473568
	321064875
	612053748
	031624875
	413276805
	123746580
	013624857
	123065487
	413028576
	182403576
	203184675
	152603748
	261304875
	243617085
	613025748
	532186704
	036124785
	123654807 [fillcolor=red style=filled]
	012543768
	102843756
	123784056
	421603785
	203641785
	123568407
	123854760 [fillcolor=red style=filled]
	123807465
	403281756
	103527864
	023148576
	123857604
	210653784
	532016784
	123076854
	123846705 [fillcolor=red style=filled]
	264301785
	326510784
	213604875
	105362784
	203146875 [fillcolor=red style=filled]
	623185704
	713025846
	021365784
	612735084
	314260785
	025163784
	243165807
	124630875 [fillcolor=red style=filled]
	612053487
	103264875 [fillcolor=red style=filled]
	216384705
	213086475
	201364875
	812063574
	015236784
	203561784
	201365784
	102753846
	413287605
	214370856
	316280745
	123607584
	612083754
	034126875 [fillcolor=red style=filled]
	123058746
	205163784
	236715084
	310625784
	513026784
	210436875 [fillcolor=red style=filled]
	103826574
	362104875
	123765408
	156203784
	213465708
	134276085
	423716085
	123847056
	123560784 [fillcolor=red style=filled]
	243187605
	302165784
	123078456
	013286475
	713024865
	203178564
	612035784
	623014875
	243810756
	132605784
	203614875
	123465870
	214603785
	206413875
	230147685
	216534780
	130724586
	230841756 [fillcolor=red style=filled]
	362015784
	162345708
	316205784
	201643875
	374106285
	712043865
	532160784
	136024785
	013526784
	813026574
	234165708
	423186705
	230614875
	120543768
	421036875
	012863574
	273106485
	012483657
	120364785
	152364780
	130286475
	012573486
	132654780
	132065784
	023841756
	103642875
	160342785
	130265784
	210643875
	103725846
	023156784
	230615784
	102463587
	102573486
	134786205
	236105784
	143620875
	136420875
	013824756
	123608754
	130428657
	210836745
	130628754
	423165708
	120743865
	203167458
	124635807
	620153784
	214630785
	036215784
	123854706 [fillcolor=red style=filled]
	273105684
	130526847
	712063854
	215360784
	203176854
	142803756
	213486750
	103425786
	123506784 [fillcolor=red style=filled]
	103628754
	237150864
	210346785
	123750846 [fillcolor=red style=filled]
	106325784
	012753684
	413260875
	246310875
	134276850
	243106587
	123764085
	130524687
	120635784
	132064875 [fillcolor=red style=filled]
	216734085
	123806574
	012653874
	123578064
	234165780
	215386704
	613028754
	123476805
	203154687
	123475608
	304162785
	203168754
	321650784
	123587406
	023146587
	123570486
	326051784
	162803574
	120473568
	102643785
	215736084
	138420576
	103625748
	120453678
	632014785
	123458067
	061352784
	123048576 [fillcolor=red style=filled]
	314265780
	123578604
	243781506
	123754068
	621043875
	123547608 [fillcolor=red style=filled]
	137520486
	512063847
	326014785
	341026875
	023186457
	123576408
	315602784
	230178564
	013826745
	236410785
	123074865
	013528674
	203186457
	123586704
	172503486
	013426587
	102543687
	216403875 [fillcolor=red style=filled]
	143625870
	124086375
	120763854
	236180574
	613042875
	403216875
	123658740
	123760854
	356102784
	513206784
	231806745
	120634875 [fillcolor=red style=filled]
	013425867
	012643785
	013246785
	302461785
	043217685
	123067584
	120563847
	230167584
	012583746
	023147856
	203184756
	210463785
	026135784
	103825764
	164203785
	215364780
	230148576
	412063875
	130652784
	123658074
	160234785
	123407856
	243781056 -> 243081756 [color=red]
	243781056 -> 243781506
	243081756 -> 043281756
	243081756 -> 243801756 [color=red]
	043281756 -> 403281756
	403281756 -> 483201756
	403281756 -> 430281756
	243801756 -> 203841756 [color=red]
	243801756 -> 243851706
	243801756 -> 243810756
	203841756 -> 023841756
	203841756 -> 230841756 [color=red]
	023841756 -> 823041756
	230841756 -> 231840756 [color=red]
	231840756 -> 231846750 [color=red]
	231840756 -> 231804756
	231846750 -> 231846705 [color=red]
	231846705 -> 231806745
	231846705 -> 231846075 [color=red]
	231806745 -> 201836745
	231806745 -> 231086745
	231806745 -> 231860745
	201836745 -> 021836745
	201836745 -> 210836745
	021836745 -> 821036745
	210836745 -> 216830745
	231086745 -> 031286745
	231086745 -> 231786045
	031286745 -> 301286745
	301286745 -> 381206745
	301286745 -> 310286745
	310286745 -> 316280745
	231846075 -> 231046875 [color=red]
	231046875 -> 031246875
	231046875 -> 231406875 [color=red]
	031246875 -> 301246875
	231406875 -> 201436875 [color=red]
	231406875 -> 231476805
	231406875 -> 231460875
	201436875 -> 021436875
	201436875 -> 210436875 [color=red]
	021436875 -> 421036875
	210436875 -> 216430875 [color=red]
	301246875 -> 341206875
	301246875 -> 310246875
	310246875 -> 316240875
	231460875 -> 230461875
	231460875 -> 231465870
	231465870 -> 231465807
	230461875 -> 203461875
	203461875 -> 263401875
	203461875 -> 023461875
	023461875 -> 423061875
	421036875 -> 421836075
	421036875 -> 421306875
	421306875 -> 401326875
	421306875 -> 421376805
	421306875 -> 421360875
	401326875 -> 041326875
	401326875 -> 410326875
	041326875 -> 341026875
	410326875 -> 416320875
	216430875 -> 216435870
	216430875 -> 216403875 [color=red]
	216435870 -> 216435807
	216403875 -> 206413875
	216403875 -> 216473805
	216403875 -> 216043875 [color=red]
	206413875 -> 026413875
	206413875 -> 260413875
	026413875 -> 426013875
	216043875 -> 016243875 [color=red]
	216043875 -> 216843075
	016243875 -> 106243875 [color=red]
	106243875 -> 146203875
	106243875 -> 160243875 [color=red]
	160243875 -> 163240875 [color=red]
	163240875 -> 163245870
	163240875 -> 163204875 [color=red]
	163245870 -> 163245807
	163204875 -> 103264875 [color=red]
	163204875 -> 163274805
	163204875 -> 163024875
	103264875 -> 013264875
	103264875 -> 130264875 [color=red]
	013264875 -> 213064875
	130264875 -> 134260875 [color=red]
	213064875 -> 213864075
	213064875 -> 213604875
	134260875 -> 134265870
	134260875 -> 134206875 [color=red]
	134265870 -> 134265807
	134206875 -> 104236875
	134206875 -> 134276805
	134206875 -> 134026875 [color=red]
	104236875 -> 014236875
	104236875 -> 140236875
	014236875 -> 214036875
	134026875 -> 034126875 [color=red]
	134026875 -> 134826075
	034126875 -> 304126875 [color=red]
	140236875 -> 146230875
	214036875 -> 214836075
	214036875 -> 214306875
	214306875 -> 204316875
	214306875 -> 214376805
	214306875 -> 214360875
	204316875 -> 024316875
	204316875 -> 240316875
	024316875 -> 324016875
	213604875 -> 203614875
	213604875 -> 213674805
	213604875 -> 213640875
	203614875 -> 023614875
	203614875 -> 230614875
	023614875 -> 623014875
	213640875 -> 210643875
	213640875 -> 213645870
	213645870 -> 213645807
	210643875 -> 201643875
	201643875 -> 241603875
	201643875 -> 021643875
	021643875 -> 621043875
	214360875 -> 210364875
	214360875 -> 214365870
	214365870 -> 214365807
	210364875 -> 201364875
	201364875 -> 261304875
	201364875 -> 021364875
	021364875 -> 321064875
	240316875 -> 246310875
	304126875 -> 324106875 [color=red]
	304126875 -> 340126875
	321064875 -> 321864075
	321064875 -> 321604875
	324016875 -> 324816075
	324106875 -> 324176805
	324106875 -> 324160875 [color=red]
	134276805 -> 134276085
	134276805 -> 134276850
	134276850 -> 134270856
	134276085 -> 134076285
	134076285 -> 034176285
	134076285 -> 134706285
	034176285 -> 304176285
	134706285 -> 104736285
	134706285 -> 134786205
	134706285 -> 134760285
	104736285 -> 014736285
	104736285 -> 140736285
	014736285 -> 714036285
	140736285 -> 146730285
	163024875 -> 063124875
	163024875 -> 163824075
	063124875 -> 603124875
	214376805 -> 214376085
	214376805 -> 214376850
	214376850 -> 214370856
	214376085 -> 214076385
	214076385 -> 014276385
	214076385 -> 214706385
	014276385 -> 104276385
	104276385 -> 174206385
	104276385 -> 140276385
	140276385 -> 146270385
	214706385 -> 204716385
	214706385 -> 214786305
	214706385 -> 214760385
	204716385 -> 024716385
	204716385 -> 240716385
	024716385 -> 724016385
	230614875 -> 234610875
	231476805 -> 231476085
	231476805 -> 231476850
	231476850 -> 231470856
	231476085 -> 231076485
	231076485 -> 031276485
	231076485 -> 231706485
	031276485 -> 301276485
	301276485 -> 371206485
	301276485 -> 310276485
	310276485 -> 316270485
	231706485 -> 201736485
	231706485 -> 231786405
	231706485 -> 231760485
	201736485 -> 021736485
	201736485 -> 210736485
	021736485 -> 721036485
	210736485 -> 216730485
	304176285 -> 374106285
	304176285 -> 340176285
	321604875 -> 301624875
	321604875 -> 321674805
	321604875 -> 321640875
	301624875 -> 031624875
	301624875 -> 310624875
	031624875 -> 631024875
	310624875 -> 314620875
	321640875 -> 320641875
	321640875 -> 321645870
	321645870 -> 321645807
	320641875 -> 302641875
	302641875 -> 342601875
	302641875 -> 032641875
	032641875 -> 632041875
	324160875 -> 320164875 [color=red]
	324160875 -> 324165870
	324165870 -> 324165807
	320164875 -> 302164875 [color=red]
	302164875 -> 362104875
	302164875 -> 032164875 [color=red]
	032164875 -> 132064875 [color=red]
	132064875 -> 132864075
	132064875 -> 132604875 [color=red]
	132604875 -> 102634875 [color=red]
	132604875 -> 132674805
	132604875 -> 132640875
	102634875 -> 012634875
	102634875 -> 120634875 [color=red]
	012634875 -> 612034875
	120634875 -> 124630875 [color=red]
	124630875 -> 124635870
	124630875 -> 124603875 [color=red]
	124635870 -> 124635807
	124603875 -> 104623875
	124603875 -> 124673805
	124603875 -> 124063875 [color=red]
	124063875 -> 024163875 [color=red]
	124063875 -> 124863075
	024163875 -> 204163875 [color=red]
	104623875 -> 014623875
	104623875 -> 140623875
	014623875 -> 614023875
	132640875 -> 130642875
	132640875 -> 132645870
	132645870 -> 132645807
	130642875 -> 103642875
	103642875 -> 143602875
	103642875 -> 013642875
	013642875 -> 613042875
	204163875 -> 264103875
	204163875 -> 240163875 [color=red]
	140623875 -> 143620875
	143602875 -> 143672805
	143602875 -> 143062875
	143062875 -> 043162875
	143062875 -> 143862075
	043162875 -> 403162875
	143620875 -> 143625870
	143625870 -> 143625807
	240163875 -> 243160875 [color=red]
	243160875 -> 243165870
	243160875 -> 243106875 [color=red]
	243165870 -> 243165807
	243106875 -> 203146875 [color=red]
	243106875 -> 243176805
	243106875 -> 243016875
	203146875 -> 023146875 [color=red]
	203146875 -> 230146875
	023146875 -> 123046875 [color=red]
	123046875 -> 123846075 [color=red]
	123046875 -> 123406875
	123406875 -> 103426875
	123406875 -> 123476805
	123406875 -> 123460875
	103426875 -> 013426875
	103426875 -> 130426875
	013426875 -> 413026875
	123460875 -> 120463875
	123460875 -> 123465870
	123465870 -> 123465807
	120463875 -> 102463875
	102463875 -> 162403875
	102463875 -> 012463875
	012463875 -> 412063875
	130426875 -> 136420875
	123476805 -> 123476085
	123476805 -> 123476850
	123476850 -> 123470856
	123476085 -> 123076485
	123076485 -> 023176485
	123076485 -> 123706485
	023176485 -> 203176485
	123706485 -> 103726485
	123706485 -> 123786405
	123706485 -> 123760485
	103726485 -> 013726485
	103726485 -> 130726485
	013726485 -> 713026485
	203176485 -> 273106485
	203176485 -> 230176485
	230146875 -> 236140875
	123465807 -> 123405867
	123465807 -> 123465087
	123405867 -> 103425867
	123405867 -> 123045867
	123405867 -> 123450867
	103425867 -> 013425867
	103425867 -> 130425867
	013425867 -> 413025867
	123045867 -> 023145867
	123045867 -> 123845067
	023145867 -> 203145867
	123450867 -> 120453867
	123450867 -> 123457860
	123457860 -> 123457806
	120453867 -> 102453867
	102453867 -> 152403867
	102453867 -> 012453867
	012453867 -> 412053867
	123457806 -> 123407856
	123457806 -> 123457086
	123457086 -> 123057486
	123057486 -> 023157486
	123057486 -> 123507486
	023157486 -> 203157486
	123407856 -> 103427856
	123407856 -> 123047856
	103427856 -> 013427856
	103427856 -> 130427856
	013427856 -> 413027856
	123047856 -> 023147856
	123047856 -> 123847056
	023147856 -> 203147856
	123465087 -> 123065487
	123065487 -> 023165487
	123065487 -> 123605487
	023165487 -> 203165487
	123507486 -> 103527486
	123507486 -> 123587406
	123507486 -> 123570486
	103527486 -> 013527486
	103527486 -> 130527486
	013527486 -> 513027486
	203157486 -> 253107486
	203157486 -> 230157486
	123470856 -> 120473856
	120473856 -> 102473856
	102473856 -> 172403856
	102473856 -> 012473856
	012473856 -> 412073856
	123570486 -> 120573486
	123570486 -> 123576480
	123576480 -> 123576408
	120573486 -> 102573486
	102573486 -> 172503486
	102573486 -> 012573486
	012573486 -> 512073486
	123605487 -> 103625487
	123605487 -> 123685407
	123605487 -> 123650487
	103625487 -> 013625487
	103625487 -> 130625487
	013625487 -> 613025487
	123650487 -> 120653487
	123650487 -> 123657480
	123657480 -> 123657408
	120653487 -> 102653487
	102653487 -> 152603487
	102653487 -> 012653487
	012653487 -> 612053487
	123760485 -> 120763485
	123760485 -> 123765480
	123765480 -> 123765408
	120763485 -> 102763485
	102763485 -> 162703485
	102763485 -> 012763485
	012763485 -> 712063485
	123846075 -> 123846705 [color=red]
	123846705 -> 123806745
	123846705 -> 123846750 [color=red]
	123846750 -> 123840756 [color=red]
	123806745 -> 103826745
	123806745 -> 123086745
	123806745 -> 123860745
	123086745 -> 023186745
	123086745 -> 123786045
	023186745 -> 203186745
	103826745 -> 013826745
	103826745 -> 130826745
	013826745 -> 813026745
	130425867 -> 135420867
	130427856 -> 137420856
	130527486 -> 137520486
	130726485 -> 136720485
	203145867 -> 243105867
	203145867 -> 230145867
	203147856 -> 243107856
	203147856 -> 230147856
	203165487 -> 263105487
	203165487 -> 230165487
	203186745 -> 283106745
	203186745 -> 230186745
	230157486 -> 237150486
	230176485 -> 236170485
	243016875 -> 043216875
	243016875 -> 243816075
	043216875 -> 403216875
	403216875 -> 413206875
	403216875 -> 430216875
	413026875 -> 413826075
	413206875 -> 413276805
	413206875 -> 413260875
	123840756 -> 120843756
	123840756 -> 123804756 [color=red]
	120843756 -> 102843756
	102843756 -> 142803756
	102843756 -> 012843756
	012843756 -> 812043756
	123804756 -> 103824756
	123804756 -> 123854706 [color=red]
	123804756 -> 123084756
	123084756 -> 023184756
	123084756 -> 123784056
	023184756 -> 203184756
	103824756 -> 013824756
	103824756 -> 130824756
	013824756 -> 813024756
	123854706 -> 123854076
	123854706 -> 123854760 [color=red]
	123854760 -> 123850764 [color=red]
	123850764 -> 120853764
	123850764 -> 123805764 [color=red]
	120853764 -> 102853764
	102853764 -> 152803764
	102853764 -> 012853764
	012853764 -> 812053764
	123805764 -> 103825764
	123805764 -> 123865704 [color=red]
	123805764 -> 123085764
	123085764 -> 023185764
	123085764 -> 123785064
	023185764 -> 203185764
	103825764 -> 013825764
	103825764 -> 130825764
	013825764 -> 813025764
	203185764 -> 283105764
	203185764 -> 230185764
	123865704 -> 123865074 [color=red]
	123865704 -> 123865740
	123865074 -> 123065874 [color=red]
	123065874 -> 023165874
	123065874 -> 123605874 [color=red]
	023165874 -> 203165874
	123605874 -> 103625874
	123605874 -> 123675804
	123605874 -> 123650874 [color=red]
	103625874 -> 013625874
	103625874 -> 130625874
	013625874 -> 613025874
	123650874 -> 120653874
	123650874 -> 123654870 [color=red]
	123654870 -> 123654807 [color=red]
	120653874 -> 102653874
	102653874 -> 152603874
	102653874 -> 012653874
	012653874 -> 612053874
	203165874 -> 263105874
	203165874 -> 230165874
	130625874 -> 135620874
	230165874 -> 235160874
	123675804 -> 123675084
	123675804 -> 123675840
	123675840 -> 123670845
	123675084 -> 123075684
	123075684 -> 023175684
	123075684 -> 123705684
	023175684 -> 203175684
	123705684 -> 103725684
	123705684 -> 123785604
	123705684 -> 123750684
	103725684 -> 013725684
	103725684 -> 130725684
	013725684 -> 713025684
	123750684 -> 120753684
	123750684 -> 123754680
	123754680 -> 123754608
	120753684 -> 102753684
	102753684 -> 152703684
	102753684 -> 012753684
	012753684 -> 712053684
	203175684 -> 273105684
	203175684 -> 230175684
	130725684 -> 135720684
	230175684 -> 235170684
	130825764 -> 135820764
	230185764 -> 235180764
	123654807 -> 123604857
	123654807 -> 123654087 [color=red]
	123654087 -> 123054687 [color=red]
	123054687 -> 023154687
	123054687 -> 123504687 [color=red]
	023154687 -> 203154687
	123504687 -> 103524687
	123504687 -> 123584607
	123504687 -> 123540687 [color=red]
	103524687 -> 013524687
	103524687 -> 130524687
	013524687 -> 513024687
	123540687 -> 120543687
	123540687 -> 123547680 [color=red]
	123547680 -> 123547608 [color=red]
	120543687 -> 102543687
	102543687 -> 142503687
	102543687 -> 012543687
	012543687 -> 512043687
	203154687 -> 253104687
	203154687 -> 230154687
	130524687 -> 134520687
	230154687 -> 234150687
	123547608 -> 123507648
	123547608 -> 123547068 [color=red]
	123507648 -> 103527648
	123507648 -> 123057648
	123507648 -> 123570648
	123057648 -> 023157648
	123057648 -> 123657048
	023157648 -> 203157648
	103527648 -> 013527648
	103527648 -> 130527648
	013527648 -> 513027648
	123547068 -> 123047568 [color=red]
	123047568 -> 023147568
	123047568 -> 123407568 [color=red]
	023147568 -> 203147568
	123407568 -> 103427568
	123407568 -> 123467508
	123407568 -> 123470568 [color=red]
	103427568 -> 013427568
	103427568 -> 130427568
	013427568 -> 413027568
	123467508 -> 123467058
	123467508 -> 123467580
	123467580 -> 123460587
	123460587 -> 120463587
	123460587 -> 123406587
	123406587 -> 103426587
	123406587 -> 123486507
	123406587 -> 123046587
	103426587 -> 013426587
	103426587 -> 130426587
	013426587 -> 413026587
	123046587 -> 023146587
	123046587 -> 123546087
	023146587 -> 203146587
	120463587 -> 102463587
	102463587 -> 162403587
	102463587 -> 012463587
	012463587 -> 412063587
	123546087 -> 123546807
	130426587 -> 136420587
	203146587 -> 243106587
	203146587 -> 230146587
	123546807 -> 123506847
	123546807 -> 123546870
	123546870 -> 123540876
	123540876 -> 120543876
	123540876 -> 123504876
	120543876 -> 102543876
	102543876 -> 142503876
	102543876 -> 012543876
	012543876 -> 512043876
	123504876 -> 103524876
	123504876 -> 123574806
	123504876 -> 123054876
	123054876 -> 023154876
	023154876 -> 203154876
	103524876 -> 013524876
	103524876 -> 130524876
	013524876 -> 513024876
	203154876 -> 253104876
	203154876 -> 230154876
	123506847 -> 103526847
	123506847 -> 123056847
	123506847 -> 123560847
	123056847 -> 023156847
	123056847 -> 123856047
	023156847 -> 203156847
	103526847 -> 013526847
	103526847 -> 130526847
	013526847 -> 513026847
	130524876 -> 134520876
	203156847 -> 253106847
	203156847 -> 230156847
	230146587 -> 236140587
	230154876 -> 234150876
	123467058 -> 123067458
	123067458 -> 023167458
	123067458 -> 123607458
	023167458 -> 203167458
	123470568 -> 120473568
	123470568 -> 123478560 [color=red]
	123478560 -> 123478506 [color=red]
	120473568 -> 102473568
	102473568 -> 172403568
	102473568 -> 012473568
	012473568 -> 412073568
	123478506 -> 123408576 [color=red]
	123478506 -> 123478056
	123408576 -> 103428576
	123408576 -> 123048576 [color=red]
	123408576 -> 123480576
	103428576 -> 013428576
	103428576 -> 130428576
	013428576 -> 413028576
	123048576 -> 023148576
	123048576 -> 123548076 [color=red]
	023148576 -> 203148576
	123480576 -> 120483576
	123480576 -> 123486570
	120483576 -> 102483576
	102483576 -> 182403576
	102483576 -> 012483576
	012483576 -> 412083576
	123548076 -> 123548706 [color=red]
	123548706 -> 123508746
	123548706 -> 123548760 [color=red]
	123548760 -> 123540768 [color=red]
	123508746 -> 103528746
	123508746 -> 123058746
	123508746 -> 123580746
	123058746 -> 023158746
	123058746 -> 123758046
	023158746 -> 203158746
	103528746 -> 013528746
	103528746 -> 130528746
	013528746 -> 513028746
	123540768 -> 120543768
	123540768 -> 123504768 [color=red]
	120543768 -> 102543768
	102543768 -> 142503768
	102543768 -> 012543768
	012543768 -> 512043768
	123504768 -> 103524768
	123504768 -> 123564708 [color=red]
	123504768 -> 123054768
	123054768 -> 023154768
	123054768 -> 123754068
	023154768 -> 203154768
	103524768 -> 013524768
	103524768 -> 130524768
	013524768 -> 513024768
	130428576 -> 138420576
	203148576 -> 243108576
	203148576 -> 230148576
	203154768 -> 253104768
	203154768 -> 230154768
	203158746 -> 253108746
	203158746 -> 230158746
	123478056 -> 123078456
	123078456 -> 023178456
	123078456 -> 123708456
	023178456 -> 203178456
	123486507 -> 123486057
	123486057 -> 123086457
	123086457 -> 023186457
	123086457 -> 123806457
	023186457 -> 203186457
	123560847 -> 120563847
	123560847 -> 123567840
	123567840 -> 123567804
	123567804 -> 123507864
	123567804 -> 123567084
	123507864 -> 103527864
	123507864 -> 123057864
	123507864 -> 123570864
	123057864 -> 023157864
	123057864 -> 123857064
	023157864 -> 203157864
	103527864 -> 013527864
	103527864 -> 130527864
	013527864 -> 513027864
	123567084 -> 123067584
	123067584 -> 023167584
	123067584 -> 123607584
	023167584 -> 203167584
	123607584 -> 103627584
	123607584 -> 123687504
	123607584 -> 123670584
	103627584 -> 013627584
	103627584 -> 130627584
	013627584 -> 613027584
	203157864 -> 253107864
	203157864 -> 230157864
	203167584 -> 263107584
	203167584 -> 230167584
	123570864 -> 120573864
	123570864 -> 123574860
	120573864 -> 102573864
	102573864 -> 172503864
	102573864 -> 012573864
	012573864 -> 512073864
	123670584 -> 120673584
	123670584 -> 123674580
	123674580 -> 123674508
	120673584 -> 102673584
	102673584 -> 172603584
	102673584 -> 012673584
	012673584 -> 612073584
	130527864 -> 137520864
	130627584 -> 137620584
	230157864 -> 237150864
	230167584 -> 237160584
	123857064 -> 123857604
	123857604 -> 123807654
	123857604 -> 123857640
	123857640 -> 123850647
	123807654 -> 103827654
	123807654 -> 123087654
	123807654 -> 123870654
	123087654 -> 023187654
	123087654 -> 123687054
	023187654 -> 203187654
	103827654 -> 013827654
	103827654 -> 130827654
	013827654 -> 813027654
	203187654 -> 283107654
	203187654 -> 230187654
	120563847 -> 102563847
	102563847 -> 162503847
	102563847 -> 012563847
	012563847 -> 512063847
	123564708 -> 123564078
	123564708 -> 123564780 [color=red]
	123564780 -> 123560784 [color=red]
	123560784 -> 120563784
	123560784 -> 123506784 [color=red]
	123506784 -> 103526784
	123506784 -> 123586704
	123506784 -> 123056784 [color=red]
	123056784 -> 023156784
	123056784 -> 123756084 [color=red]
	023156784 -> 203156784
	103526784 -> 013526784
	103526784 -> 130526784
	013526784 -> 513026784
	203156784 -> 253106784
	203156784 -> 230156784
	120563784 -> 102563784
	102563784 -> 162503784
	102563784 -> 012563784
	012563784 -> 512063784
	130526784 -> 136520784
	230156784 -> 236150784
	123756084 -> 123756804 [color=red]
	123586704 -> 123586074
	123586704 -> 123586740
	123586074 -> 123086574
	123086574 -> 023186574
	123086574 -> 123806574
	023186574 -> 203186574
	123756804 -> 123706854
	123756804 -> 123756840 [color=red]
	123756840 -> 123750846 [color=red]
	123706854 -> 103726854
	123706854 -> 123076854
	123706854 -> 123760854
	123076854 -> 023176854
	123076854 -> 123876054
	023176854 -> 203176854
	103726854 -> 013726854
	103726854 -> 130726854
	013726854 -> 713026854
	123806574 -> 103826574
	123806574 -> 123876504
	123806574 -> 123860574
	103826574 -> 013826574
	103826574 -> 130826574
	013826574 -> 813026574
	203176854 -> 273106854
	203176854 -> 230176854
	203186574 -> 283106574
	203186574 -> 230186574
	253106784 -> 253186704
	253106784 -> 253016784
	253106784 -> 253160784
	253016784 -> 053216784
	253016784 -> 253716084
	053216784 -> 503216784
	503216784 -> 513206784
	503216784 -> 530216784
	513026784 -> 513726084
	513206784 -> 513286704
	513206784 -> 513260784
	123760854 -> 120763854
	123760854 -> 123764850
	123764850 -> 123764805
	120763854 -> 102763854
	102763854 -> 162703854
	102763854 -> 012763854
	012763854 -> 712063854
	123860574 -> 120863574
	123860574 -> 123864570
	123864570 -> 123864507
	120863574 -> 102863574
	102863574 -> 162803574
	102863574 -> 012863574
	012863574 -> 812063574
	130726854 -> 136720854
	130826574 -> 136820574
	136520784 -> 136524780
	136520784 -> 136502784
	136524780 -> 136524708
	136502784 -> 106532784
	136502784 -> 136582704
	136502784 -> 136052784
	106532784 -> 016532784
	106532784 -> 160532784
	016532784 -> 516032784
	136052784 -> 036152784
	136052784 -> 136752084
	036152784 -> 306152784
	160532784 -> 162530784
	162503784 -> 162583704
	162503784 -> 162053784
	162053784 -> 062153784
	162053784 -> 162753084
	062153784 -> 602153784
	162530784 -> 162534780
	162534780 -> 162534708
	230176854 -> 236170854
	230186574 -> 236180574
	236150784 -> 236154780
	236150784 -> 236105784
	236154780 -> 236154708
	236105784 -> 206135784
	236105784 -> 236185704
	236105784 -> 236015784
	206135784 -> 026135784
	206135784 -> 260135784
	026135784 -> 126035784
	126035784 -> 126735084
	126035784 -> 126305784
	126305784 -> 106325784
	126305784 -> 126385704
	126305784 -> 126350784
	106325784 -> 016325784
	106325784 -> 160325784
	016325784 -> 316025784
	126350784 -> 120356784
	126350784 -> 126354780
	126354780 -> 126354708
	120356784 -> 102356784
	102356784 -> 152306784
	102356784 -> 012356784
	012356784 -> 312056784
	312056784 -> 312756084
	312056784 -> 312506784
	152306784 -> 152386704
	152306784 -> 152036784
	152306784 -> 152360784
	152036784 -> 052136784
	152036784 -> 152736084
	052136784 -> 502136784
	312506784 -> 302516784
	312506784 -> 312586704
	312506784 -> 312560784
	302516784 -> 032516784
	302516784 -> 320516784
	032516784 -> 532016784
	320516784 -> 326510784
	152360784 -> 150362784
	152360784 -> 152364780
	152364780 -> 152364708
	150362784 -> 105362784
	105362784 -> 165302784
	105362784 -> 015362784
	015362784 -> 315062784
	160325784 -> 165320784
	312560784 -> 310562784
	312560784 -> 312564780
	312564780 -> 312564708
	310562784 -> 301562784
	301562784 -> 361502784
	301562784 -> 031562784
	031562784 -> 531062784
	502136784 -> 532106784
	502136784 -> 520136784
	520136784 -> 526130784
	236015784 -> 036215784
	236015784 -> 236715084
	036215784 -> 306215784
	253160784 -> 250163784
	253160784 -> 253164780
	253164780 -> 253164708
	250163784 -> 205163784
	205163784 -> 265103784
	205163784 -> 025163784
	025163784 -> 125063784
	125063784 -> 125763084
	125063784 -> 125603784
	125603784 -> 105623784
	125603784 -> 125683704
	125603784 -> 125630784
	105623784 -> 015623784
	105623784 -> 150623784
	015623784 -> 615023784
	125630784 -> 120635784
	125630784 -> 125634780
	125634780 -> 125634708
	120635784 -> 102635784
	102635784 -> 132605784
	102635784 -> 012635784
	012635784 -> 612035784
	132605784 -> 132685704
	132605784 -> 132065784
	132605784 -> 132650784
	132065784 -> 032165784
	132065784 -> 132765084
	032165784 -> 302165784
	132650784 -> 130652784
	132650784 -> 132654780
	132654780 -> 132654708
	130652784 -> 103652784
	103652784 -> 153602784
	103652784 -> 013652784
	013652784 -> 613052784
	302165784 -> 362105784
	302165784 -> 320165784
	320165784 -> 325160784
	132765084 -> 132765804
	150623784 -> 153620784
	153602784 -> 153682704
	153602784 -> 153062784
	153062784 -> 053162784
	153062784 -> 153762084
	053162784 -> 503162784
	153620784 -> 153624780
	153624780 -> 153624708
	260135784 -> 265130784
	306152784 -> 356102784
	306152784 -> 360152784
	306215784 -> 316205784
	306215784 -> 360215784
	312756084 -> 312756804
	315062784 -> 315762084
	315062784 -> 315602784
	316025784 -> 316725084
	316205784 -> 316285704
	316205784 -> 316250784
	316250784 -> 310256784
	316250784 -> 316254780
	316254780 -> 316254708
	310256784 -> 301256784
	301256784 -> 351206784
	301256784 -> 031256784
	031256784 -> 231056784
	231056784 -> 231756084
	231056784 -> 231506784
	231506784 -> 201536784
	231506784 -> 231586704
	231506784 -> 231560784
	201536784 -> 021536784
	201536784 -> 210536784
	021536784 -> 521036784
	210536784 -> 216530784
	231560784 -> 230561784
	231560784 -> 231564780
	231564780 -> 231564708
	230561784 -> 203561784
	203561784 -> 263501784
	203561784 -> 023561784
	023561784 -> 523061784
	521036784 -> 521736084
	521036784 -> 521306784
	521306784 -> 501326784
	521306784 -> 521386704
	521306784 -> 521360784
	501326784 -> 051326784
	501326784 -> 510326784
	051326784 -> 351026784
	510326784 -> 516320784
	216530784 -> 216534780
	216530784 -> 216503784
	216534780 -> 216534708
	216503784 -> 206513784
	216503784 -> 216583704
	216503784 -> 216053784
	216053784 -> 016253784
	216053784 -> 216753084
	016253784 -> 106253784
	106253784 -> 156203784
	106253784 -> 160253784
	160253784 -> 163250784
	163250784 -> 163254780
	163250784 -> 163205784
	163254780 -> 163254708
	163205784 -> 103265784
	163205784 -> 163285704
	163205784 -> 163025784
	103265784 -> 013265784
	103265784 -> 130265784
	013265784 -> 213065784
	130265784 -> 135260784
	213065784 -> 213765084
	213065784 -> 213605784
	213605784 -> 203615784
	213605784 -> 213685704
	213605784 -> 213650784
	203615784 -> 023615784
	203615784 -> 230615784
	023615784 -> 623015784
	213650784 -> 210653784
	213650784 -> 213654780
	213654780 -> 213654708
	210653784 -> 201653784
	201653784 -> 251603784
	201653784 -> 021653784
	021653784 -> 621053784
	135260784 -> 135264780
	135260784 -> 135206784
	135264780 -> 135264708
	135206784 -> 105236784
	135206784 -> 135286704
	135206784 -> 135026784
	105236784 -> 015236784
	105236784 -> 150236784
	015236784 -> 215036784
	135026784 -> 035126784
	135026784 -> 135726084
	035126784 -> 305126784
	150236784 -> 156230784
	215036784 -> 215736084
	215036784 -> 215306784
	215306784 -> 205316784
	215306784 -> 215386704
	215306784 -> 215360784
	205316784 -> 025316784
	205316784 -> 250316784
	025316784 -> 325016784
	163025784 -> 063125784
	163025784 -> 163725084
	063125784 -> 603125784
	215360784 -> 210365784
	215360784 -> 215364780
	215364780 -> 215364708
	210365784 -> 201365784
	201365784 -> 261305784
	201365784 -> 021365784
	021365784 -> 321065784
	321065784 -> 321765084
	321065784 -> 321605784
	230615784 -> 235610784
	250316784 -> 256310784
	305126784 -> 325106784
	305126784 -> 350126784
	321605784 -> 301625784
	321605784 -> 321685704
	321605784 -> 321650784
	301625784 -> 031625784
	301625784 -> 310625784
	031625784 -> 631025784
	310625784 -> 315620784
	321650784 -> 320651784
	321650784 -> 321654780
	321654780 -> 321654708
	320651784 -> 302651784
	302651784 -> 352601784
	302651784 -> 032651784
	032651784 -> 632051784
	325016784 -> 325716084
	325106784 -> 325186704
	206513784 -> 026513784
	206513784 -> 260513784
	026513784 -> 526013784
	213765084 -> 213765804
	231756084 -> 231756804
	261305784 -> 261385704
	261305784 -> 261035784
	261305784 -> 261350784
	261035784 -> 061235784
	261035784 -> 261735084
	061235784 -> 601235784
	261350784 -> 260351784
	261350784 -> 261354780
	261354780 -> 261354708
	260351784 -> 206351784
	206351784 -> 256301784
	206351784 -> 026351784
	026351784 -> 326051784
	325160784 -> 325164780
	325164780 -> 325164708
	326051784 -> 326751084
	326051784 -> 326501784
	350126784 -> 356120784
	351026784 -> 351726084
	351206784 -> 351286704
	351206784 -> 351260784
	503162784 -> 563102784
	503162784 -> 530162784
	512063784 -> 512763084
	512063784 -> 512603784
	513260784 -> 510263784
	513260784 -> 513264780
	513264780 -> 513264708
	510263784 -> 501263784
	501263784 -> 561203784
	501263784 -> 051263784
	051263784 -> 251063784
	251063784 -> 251763084
	521360784 -> 520361784
	521360784 -> 521364780
	521364780 -> 521364708
	520361784 -> 502361784
	502361784 -> 562301784
	502361784 -> 052361784
	052361784 -> 352061784
	523061784 -> 523761084
	523061784 -> 523601784
	530216784 -> 536210784
	532016784 -> 532716084
	532106784 -> 532186704
	532106784 -> 532160784
	601235784 -> 631205784
	601235784 -> 610235784
	602153784 -> 652103784
	602153784 -> 620153784
	603125784 -> 623105784
	603125784 -> 630125784
	610235784 -> 615230784
	612035784 -> 612735084
	612035784 -> 612305784
	612305784 -> 602315784
	612305784 -> 612385704
	612305784 -> 612350784
	602315784 -> 062315784
	602315784 -> 620315784
	062315784 -> 362015784
	612350784 -> 610352784
	612350784 -> 612354780
	612354780 -> 612354708
	610352784 -> 601352784
	601352784 -> 651302784
	601352784 -> 061352784
	061352784 -> 361052784
	613052784 -> 613752084
	613052784 -> 613502784
	620153784 -> 623150784
	620315784 -> 625310784
	621053784 -> 621753084
	621053784 -> 621503784
	623015784 -> 623715084
	623105784 -> 623185704
	623150784 -> 623154780
	623154780 -> 623154708
	123564078 -> 123064578
	123064578 -> 023164578
	123064578 -> 123604578
	023164578 -> 203164578
	123574806 -> 123574086
	123574086 -> 123074586
	123074586 -> 023174586
	123074586 -> 123704586
	023174586 -> 203174586
	123704586 -> 103724586
	123704586 -> 123784506
	123704586 -> 123740586
	103724586 -> 013724586
	103724586 -> 130724586
	013724586 -> 713024586
	123740586 -> 120743586
	123740586 -> 123746580
	123746580 -> 123746508
	120743586 -> 102743586
	102743586 -> 142703586
	102743586 -> 012743586
	012743586 -> 712043586
	203174586 -> 273104586
	203174586 -> 230174586
	123580746 -> 120583746
	120583746 -> 102583746
	102583746 -> 182503746
	102583746 -> 012583746
	012583746 -> 512083746
	123604578 -> 103624578
	123604578 -> 123640578
	103624578 -> 013624578
	103624578 -> 130624578
	013624578 -> 613024578
	123604857 -> 103624857
	123604857 -> 123064857
	123604857 -> 123640857
	123064857 -> 023164857
	123064857 -> 123864057
	023164857 -> 203164857
	103624857 -> 013624857
	103624857 -> 130624857
	013624857 -> 613024857
	123640578 -> 120643578
	123640578 -> 123648570
	123648570 -> 123648507
	120643578 -> 102643578
	102643578 -> 142603578
	102643578 -> 012643578
	012643578 -> 612043578
	123640857 -> 120643857
	123640857 -> 123647850
	123647850 -> 123647805
	123647805 -> 123607845
	123647805 -> 123647085
	123647085 -> 123047685
	123047685 -> 023147685
	123047685 -> 123407685
	023147685 -> 203147685
	123407685 -> 103427685
	123407685 -> 123487605
	123407685 -> 123470685
	103427685 -> 013427685
	103427685 -> 130427685
	013427685 -> 413027685
	123470685 -> 120473685
	123470685 -> 123475680
	123475680 -> 123475608
	120473685 -> 102473685
	102473685 -> 172403685
	102473685 -> 012473685
	012473685 -> 412073685
	130427685 -> 137420685
	203147685 -> 243107685
	203147685 -> 230147685
	230147685 -> 237140685
	123487605 -> 123487065
	123487605 -> 123487650
	123487650 -> 123480657
	123487065 -> 123087465
	123087465 -> 023187465
	123087465 -> 123807465
	023187465 -> 203187465
	123607845 -> 103627845
	123607845 -> 123067845
	123067845 -> 023167845
	123067845 -> 123867045
	023167845 -> 203167845
	103627845 -> 013627845
	103627845 -> 130627845
	013627845 -> 613027845
	203167845 -> 263107845
	203167845 -> 230167845
	243107685 -> 243187605
	243107685 -> 243017685
	243107685 -> 243170685
	243017685 -> 043217685
	243017685 -> 243617085
	043217685 -> 403217685
	403217685 -> 413207685
	403217685 -> 430217685
	413027685 -> 413627085
	413207685 -> 413287605
	413207685 -> 413270685
	120643857 -> 102643857
	102643857 -> 142603857
	102643857 -> 012643857
	012643857 -> 612043857
	123475608 -> 123405678
	123475608 -> 123475068
	123405678 -> 103425678
	123405678 -> 123045678
	123405678 -> 123450678
	103425678 -> 013425678
	103425678 -> 130425678
	013425678 -> 413025678
	123045678 -> 023145678
	123045678 -> 123645078
	023145678 -> 203145678
	123450678 -> 120453678
	123450678 -> 123458670
	123458670 -> 123458607
	120453678 -> 102453678
	102453678 -> 152403678
	102453678 -> 012453678
	012453678 -> 412053678
	123458607 -> 123408657
	123458607 -> 123458067
	123408657 -> 103428657
	123408657 -> 123048657
	103428657 -> 013428657
	103428657 -> 130428657
	013428657 -> 413028657
	123048657 -> 023148657
	123048657 -> 123648057
	023148657 -> 203148657
	123458067 -> 123058467
	123058467 -> 023158467
	123058467 -> 123508467
	023158467 -> 203158467
	130425678 -> 135420678
	203145678 -> 243105678
	203145678 -> 230145678
	123475068 -> 123075468
	123075468 -> 023175468
	123075468 -> 123705468
	023175468 -> 203175468
	123480657 -> 120483657
	120483657 -> 102483657
	102483657 -> 182403657
	102483657 -> 012483657
	012483657 -> 412083657
	123508467 -> 103528467
	123508467 -> 123568407
	123508467 -> 123580467
	103528467 -> 013528467
	103528467 -> 130528467
	013528467 -> 513028467
	123645078 -> 123645708
	123645708 -> 123605748
	123645708 -> 123645780
	123645780 -> 123640785
	123640785 -> 120643785
	123640785 -> 123604785
	120643785 -> 102643785
	102643785 -> 142603785
	102643785 -> 012643785
	012643785 -> 612043785
	123604785 -> 103624785
	123604785 -> 123684705
	123604785 -> 123064785
	123064785 -> 023164785
	123064785 -> 123764085
	023164785 -> 203164785
	103624785 -> 013624785
	103624785 -> 130624785
	013624785 -> 613024785
	203164785 -> 263104785
	203164785 -> 230164785
	130624785 -> 134620785
	230164785 -> 234160785
	134620785 -> 134625780
	134620785 -> 134602785
	134625780 -> 134625708
	134602785 -> 104632785
	134602785 -> 134682705
	134602785 -> 134062785
	104632785 -> 014632785
	104632785 -> 140632785
	014632785 -> 614032785
	134062785 -> 034162785
	134062785 -> 134762085
	034162785 -> 304162785
	140632785 -> 142630785
	142603785 -> 142683705
	142603785 -> 142063785
	142063785 -> 042163785
	142063785 -> 142763085
	042163785 -> 402163785
	142630785 -> 142635780
	142635780 -> 142635708
	234160785 -> 234165780
	234160785 -> 234106785
	234165780 -> 234165708
	234106785 -> 204136785
	234106785 -> 234186705
	234106785 -> 234016785
	204136785 -> 024136785
	204136785 -> 240136785
	024136785 -> 124036785
	124036785 -> 124736085
	124036785 -> 124306785
	124306785 -> 104326785
	124306785 -> 124386705
	124306785 -> 124360785
	104326785 -> 014326785
	104326785 -> 140326785
	014326785 -> 314026785
	124360785 -> 120364785
	124360785 -> 124365780
	124365780 -> 124365708
	120364785 -> 102364785
	102364785 -> 162304785
	102364785 -> 012364785
	012364785 -> 312064785
	140326785 -> 146320785
	234016785 -> 034216785
	234016785 -> 234716085
	034216785 -> 304216785
	240136785 -> 246130785
	304216785 -> 314206785
	304216785 -> 340216785
	312064785 -> 312764085
	312064785 -> 312604785
	314026785 -> 314726085
	314206785 -> 314286705
	314206785 -> 314260785
	124386705 -> 124386075
	124386705 -> 124386750
	124386750 -> 124380756
	124386075 -> 124086375
	124086375 -> 024186375
	124086375 -> 124806375
	024186375 -> 204186375
	124736085 -> 124736805
	162304785 -> 162384705
	162304785 -> 162034785
	162304785 -> 162340785
	162034785 -> 062134785
	162034785 -> 162734085
	062134785 -> 602134785
	162340785 -> 160342785
	162340785 -> 162345780
	162345780 -> 162345708
	160342785 -> 106342785
	106342785 -> 146302785
	106342785 -> 016342785
	016342785 -> 316042785
	304162785 -> 364102785
	304162785 -> 340162785
	312604785 -> 302614785
	312604785 -> 312684705
	312604785 -> 312640785
	302614785 -> 032614785
	302614785 -> 320614785
	032614785 -> 632014785
	312640785 -> 310642785
	312640785 -> 312645780
	312645780 -> 312645708
	310642785 -> 301642785
	301642785 -> 341602785
	301642785 -> 031642785
	031642785 -> 631042785
	314260785 -> 310264785
	314260785 -> 314265780
	314265780 -> 314265708
	310264785 -> 301264785
	301264785 -> 361204785
	301264785 -> 031264785
	031264785 -> 231064785
	231064785 -> 231764085
	231064785 -> 231604785
	231604785 -> 201634785
	231604785 -> 231684705
	231604785 -> 231640785
	201634785 -> 021634785
	201634785 -> 210634785
	021634785 -> 621034785
	210634785 -> 214630785
	214630785 -> 214635780
	214630785 -> 214603785
	214635780 -> 214635708
	214603785 -> 204613785
	214603785 -> 214683705
	214603785 -> 214063785
	214063785 -> 014263785
	214063785 -> 214763085
	014263785 -> 104263785
	104263785 -> 164203785
	104263785 -> 140263785
	140263785 -> 143260785
	143260785 -> 143265780
	143260785 -> 143206785
	143265780 -> 143265708
	143206785 -> 103246785
	143206785 -> 143286705
	143206785 -> 143026785
	103246785 -> 013246785
	103246785 -> 130246785
	013246785 -> 213046785
	130246785 -> 136240785
	213046785 -> 213746085
	213046785 -> 213406785
	213406785 -> 203416785
	213406785 -> 213486705
	213406785 -> 213460785
	203416785 -> 023416785
	203416785 -> 230416785
	023416785 -> 423016785
	143026785 -> 043126785
	143026785 -> 143726085
	043126785 -> 403126785
	213460785 -> 210463785
	213460785 -> 213465780
	213465780 -> 213465708
	210463785 -> 201463785
	201463785 -> 261403785
	201463785 -> 021463785
	021463785 -> 421063785
	230416785 -> 236410785
	403126785 -> 423106785
	403126785 -> 430126785
	423016785 -> 423716085
	423106785 -> 423186705
	423106785 -> 423160785
	136240785 -> 136245780
	136240785 -> 136204785
	136245780 -> 136245708
	136204785 -> 106234785
	136204785 -> 136284705
	136204785 -> 136024785
	106234785 -> 016234785
	106234785 -> 160234785
	016234785 -> 216034785
	136024785 -> 036124785
	136024785 -> 136724085
	036124785 -> 306124785
	160234785 -> 164230785
	204613785 -> 024613785
	204613785 -> 240613785
	024613785 -> 624013785
	213486705 -> 213486075
	213486705 -> 213486750
	213486750 -> 213480756
	213486075 -> 213086475
	213086475 -> 013286475
	213086475 -> 213806475
	013286475 -> 103286475
	103286475 -> 183206475
	103286475 -> 130286475
	130286475 -> 136280475
	213746085 -> 213746805
	216034785 -> 216734085
	216034785 -> 216304785
	216304785 -> 206314785
	216304785 -> 216384705
	216304785 -> 216340785
	206314785 -> 026314785
	206314785 -> 260314785
	026314785 -> 326014785
	216340785 -> 210346785
	216340785 -> 216345780
	216345780 -> 216345708
	210346785 -> 201346785
	201346785 -> 241306785
	201346785 -> 021346785
	021346785 -> 321046785
	321046785 -> 321746085
	321046785 -> 321406785
	321406785 -> 301426785
	321406785 -> 321486705
	321406785 -> 321460785
	301426785 -> 031426785
	301426785 -> 310426785
	031426785 -> 431026785
	310426785 -> 316420785
	241306785 -> 241386705
	241306785 -> 241036785
	241306785 -> 241360785
	241036785 -> 041236785
	241036785 -> 241736085
	041236785 -> 401236785
	321460785 -> 320461785
	321460785 -> 321465780
	321465780 -> 321465708
	320461785 -> 302461785
	302461785 -> 362401785
	302461785 -> 032461785
	032461785 -> 432061785
	401236785 -> 431206785
	401236785 -> 410236785
	410236785 -> 416230785
	231640785 -> 230641785
	231640785 -> 231645780
	231645780 -> 231645708
	230641785 -> 203641785
	203641785 -> 243601785
	203641785 -> 023641785
	023641785 -> 623041785
	241360785 -> 240361785
	241360785 -> 241365780
	241365780 -> 241365708
	240361785 -> 204361785
	204361785 -> 264301785
	204361785 -> 024361785
	024361785 -> 324061785
	320614785 -> 324610785
	324061785 -> 324761085
	324061785 -> 324601785
	340216785 -> 346210785
	402163785 -> 462103785
	402163785 -> 420163785
	421063785 -> 421763085
	421063785 -> 421603785
	423160785 -> 423165780
	423165780 -> 423165708
	430126785 -> 436120785
	431026785 -> 431726085
	431206785 -> 431286705
	431206785 -> 431260785
	123605748 -> 103625748
	123605748 -> 123065748
	123605748 -> 123650748
	123065748 -> 023165748
	123065748 -> 123765048
	023165748 -> 203165748
	103625748 -> 013625748
	103625748 -> 130625748
	013625748 -> 613025748
	123650748 -> 120653748
	123650748 -> 123658740
	123658740 -> 123658704
	123658704 -> 123608754
	123658704 -> 123658074
	123608754 -> 103628754
	123608754 -> 123068754
	123608754 -> 123680754
	123068754 -> 023168754
	123068754 -> 123768054
	023168754 -> 203168754
	103628754 -> 013628754
	103628754 -> 130628754
	013628754 -> 613028754
	123658074 -> 123058674
	123058674 -> 023158674
	123058674 -> 123508674
	023158674 -> 203158674
	123508674 -> 103528674
	123508674 -> 123578604
	123508674 -> 123580674
	103528674 -> 013528674
	103528674 -> 130528674
	013528674 -> 513028674
	203158674 -> 253108674
	203158674 -> 230158674
	123580674 -> 120583674
	123580674 -> 123584670
	120583674 -> 102583674
	102583674 -> 182503674
	102583674 -> 012583674
	012583674 -> 512083674
	130528674 -> 138520674
	203168754 -> 263108754
	203168754 -> 230168754
	230158674 -> 238150674
	123578604 -> 123578064
	123578604 -> 123578640
	123578064 -> 123078564
	123078564 -> 023178564
	123078564 -> 123708564
	023178564 -> 203178564
	123680754 -> 120683754
	123680754 -> 123684750
	120683754 -> 102683754
	102683754 -> 182603754
	102683754 -> 012683754
	012683754 -> 612083754
	123708564 -> 103728564
	123708564 -> 123768504
	123708564 -> 123780564
	103728564 -> 013728564
	103728564 -> 130728564
	013728564 -> 713028564
	130628754 -> 138620754
	203178564 -> 273108564
	203178564 -> 230178564
	230168754 -> 238160754
	120653748 -> 102653748
	102653748 -> 152603748
	102653748 -> 012653748
	012653748 -> 612053748
	123670845 -> 120673845
	120673845 -> 102673845
	102673845 -> 172603845
	102673845 -> 012673845
	012673845 -> 612073845
	123684705 -> 123684075
	123684075 -> 123084675
	123084675 -> 023184675
	123084675 -> 123804675
	023184675 -> 203184675
	123804675 -> 103824675
	123804675 -> 123874605
	123804675 -> 123840675
	103824675 -> 013824675
	103824675 -> 130824675
	013824675 -> 813024675
	123840675 -> 120843675
	123840675 -> 123845670
	123845670 -> 123845607
	120843675 -> 102843675
	102843675 -> 142803675
	102843675 -> 012843675
	012843675 -> 812043675
	203184675 -> 283104675
	203184675 -> 230184675
	123687504 -> 123687540
	123687540 -> 123680547
	123750846 -> 120753846
	123750846 -> 123705846 [color=red]
	120753846 -> 102753846
	102753846 -> 152703846
	102753846 -> 012753846
	012753846 -> 712053846
	123705846 -> 103725846
	123705846 -> 123745806 [color=red]
	123705846 -> 123075846
	123075846 -> 023175846
	123075846 -> 123875046
	023175846 -> 203175846
	103725846 -> 013725846
	103725846 -> 130725846
	013725846 -> 713025846
	123745806 -> 123745086 [color=red]
	123745806 -> 123745860
	123745860 -> 123740865
	123740865 -> 120743865
	123740865 -> 123704865
	120743865 -> 102743865
	102743865 -> 142703865
	102743865 -> 012743865
	012743865 -> 712043865
	123704865 -> 103724865
	123704865 -> 123074865
	123074865 -> 023174865
	123074865 -> 123874065
	023174865 -> 203174865
	103724865 -> 013724865
	103724865 -> 130724865
	013724865 -> 713024865
	123745086 -> 123045786 [color=red]
	123045786 -> 023145786
	123045786 -> 123405786 [color=red]
	023145786 -> 203145786
	123405786 -> 103425786
	123405786 -> 123485706
	123405786 -> 123450786 [color=red]
	103425786 -> 013425786
	103425786 -> 130425786
	013425786 -> 413025786
	123450786 -> 120453786
	123450786 -> 123456780 [color=red]
}
