410526738 -8
026458173 -8
213508746 -8
430185726 -8
026458173 -8
410526738 -8
150462738 -8
410526738 -8
183726540 -8
410526738 -8
410526738 -8
410526738 -8
216458073 -8
236458170 -8
026458173 -8
236458170 -8
026458173 -8
026458173 -8
216458073 -8
216043578 -9
416083725 -9
206458173 -9
206458173 -9
403285176 -9
206458173 -9
452816703 -9
413680725 -9
413680725 -9
206458173 -9
173265408 -9
412683705 -9
173286405 -9
426581703 -9
173286405 -9
653412708 -9
206458173 -9
183450267 -9
138456207 -9
206458173 -9
314526708 -9
