216340578 -11
517846032 -16
843152067 -12
435180276 -11
071652438 -14
618320457 -15
572064138 -15
213508647 -12
547360281 -19
467285130 -16
821540736 -11
560714823 -14
456812730 -12
746258013 -14
318467025 -14
410683725 -10
673215408 -13
312078546 -13
578240631 -21
326584017 -12
860257314 -20
685740231 -19
578241603 -19
173280465 -11
410372865 -14
852317046 -16
650412738 -12
670584231 -20
183276540 -10
078325614 -20
138450267 -11
014526738 -10
563724801 -13
106478532 -13
032687154 -14
645387021 -20
562730418 -13
426581730 -10
581743062 -14
206458173 -9
