123456780 0
123456780 0
123456780 0
123456780 0
123450786 -1
123450786 -1
123450786 -1
123450786 -1
123450786 -1
123450786 -1
123456708 -1
123450786 -1
123450786 -1
123450786 -1
123450786 -1
123450786 -1
123450786 -1
123450786 -1
123450786 -1
123450786 -1
123450786 -1
123450786 -1
123450786 -1
123450786 -1
123450786 -1
123450786 -1
123450786 -1
123450786 -1
123450786 -1
123450786 -1
123450786 -1
123450786 -1
123450786 -1
123450786 -1
123450786 -1
123450786 -1
123450786 -1
123450786 -1
123450786 -1
123450786 -1
