413526780 -4
153462708 -5
413526708 -5
413526708 -5
413526708 -5
413526708 -5
413526708 -5
413526708 -5
413526708 -5
413526708 -5
153462708 -5
413526708 -5
413526708 -5
413526708 -5
413526708 -5
413526708 -5
026453178 -6
126458073 -6
126458073 -6
126458073 -6
126458073 -6
150462783 -6
126458073 -6
126458073 -6
126458073 -6
126458073 -6
126458073 -6
126458073 -6
126458073 -6
126458073 -6
126458073 -6
126458073 -6
126458073 -6
126458073 -6
128456073 -6
130456287 -6
126458073 -6
126458073 -6
103286475 -7
213580746 -7
