123450786 -1
126453780 -2
126453780 -2
126453780 -2
126453780 -2
126453780 -2
126453780 -2
126453780 -2
126453780 -2
126453780 -2
126453780 -2
153426780 -2
126450783 -3
126450783 -3
126450783 -3
126450783 -3
126450783 -3
126450783 -3
126450783 -3
126450783 -3
126450783 -3
126450783 -3
123458706 -3
123458706 -3
123458706 -3
123458706 -3
126453708 -3
123458706 -3
126453708 -3
123458706 -3
123458706 -3
126450783 -3
123458706 -3
126450783 -3
126450783 -3
126450783 -3
123458706 -3
123458706 -3
126450783 -3
123458706 -3
