126450783 -3
123458706 -3
413526780 -4
413526780 -4
413526780 -4
413526780 -4
413526780 -4
413526780 -4
413526780 -4
413526780 -4
413526780 -4
413526780 -4
413526780 -4
153462780 -4
413526780 -4
413526780 -4
413526780 -4
153462780 -4
413526780 -4
413526780 -4
413526780 -4
413526780 -4
413526780 -4
413526780 -4
413526780 -4
126453078 -4
126453078 -4
126453078 -4
126453078 -4
126453078 -4
126453078 -4
126453078 -4
413526780 -4
153462780 -4
413526780 -4
413526780 -4
153462780 -4
153462780 -4
153462780 -4
153462780 -4
