path_len 99
generated 1717
visited 1104
root 243781056

243781056
243081756
243801756
203841756
230841756
231840756
231846750
231846705
231846075
231046875
231406875
201436875
210436875
216430875
216403875
216043875
016243875
106243875
160243875
163240875
163204875
103264875
130264875
134260875
134206875
134026875
034126875
304126875
324106875
324160875
320164875
302164875
032164875
132064875
132604875
102634875
120634875
124630875
124603875
124063875
024163875
204163875
240163875
243160875
243106875
203146875
023146875
123046875
123846075
123846705
123846750
123840756
123804756
123854706
123854760
123850764
123805764
123865704
123865074
123065874
123605874
123650874
123654870
123654807
123654087
123054687
123504687
123540687
123547680
123547608
123547068
123047568
123407568
123470568
123478560
123478506
123408576
123048576
123548076
123548706
123548760
123540768
123504768
123564708
123564780
123560784
123506784
123056784
123756084
123756804
123756840
123750846
123705846
123745806
123745086
123045786
123405786
123450786
123456780

243081756 243781056
243781506 243781056
043281756 243081756
243801756 243081756
403281756 043281756
483201756 403281756
430281756 403281756
203841756 243801756
243851706 243801756
243810756 243801756
023841756 203841756
230841756 203841756
823041756 023841756
231840756 230841756
231846750 231840756
231804756 231840756
231846705 231846750
231806745 231846705
231846075 231846705
201836745 231806745
231086745 231806745
231860745 231806745
021836745 201836745
210836745 201836745
821036745 021836745
216830745 210836745
031286745 231086745
231786045 231086745
301286745 031286745
381206745 301286745
310286745 301286745
316280745 310286745
231046875 231846075
031246875 231046875
231406875 231046875
301246875 031246875
201436875 231406875
231476805 231406875
231460875 231406875
021436875 201436875
210436875 201436875
421036875 021436875
216430875 210436875
341206875 301246875
310246875 301246875
316240875 310246875
230461875 231460875
231465870 231460875
231465807 231465870
203461875 230461875
263401875 203461875
023461875 203461875
423061875 023461875
421836075 421036875
421306875 421036875
401326875 421306875
421376805 421306875
421360875 421306875
041326875 401326875
410326875 401326875
341026875 041326875
416320875 410326875
216435870 216430875
216403875 216430875
216435807 216435870
206413875 216403875
216473805 216403875
216043875 216403875
026413875 206413875
260413875 206413875
426013875 026413875
016243875 216043875
216843075 216043875
106243875 016243875
146203875 106243875
160243875 106243875
163240875 160243875
163245870 163240875
163204875 163240875
163245807 163245870
103264875 163204875
163274805 163204875
163024875 163204875
013264875 103264875
130264875 103264875
213064875 013264875
134260875 130264875
213864075 213064875
213604875 213064875
134265870 134260875
134206875 134260875
134265807 134265870
104236875 134206875
134276805 134206875
134026875 134206875
014236875 104236875
140236875 104236875
214036875 014236875
034126875 134026875
134826075 134026875
304126875 034126875
146230875 140236875
214836075 214036875
214306875 214036875
204316875 214306875
214376805 214306875
214360875 214306875
024316875 204316875
240316875 204316875
324016875 024316875
203614875 213604875
213674805 213604875
213640875 213604875
023614875 203614875
230614875 203614875
623014875 023614875
210643875 213640875
213645870 213640875
213645807 213645870
201643875 210643875
241603875 201643875
021643875 201643875
621043875 021643875
210364875 214360875
214365870 214360875
214365807 214365870
201364875 210364875
261304875 201364875
021364875 201364875
321064875 021364875
246310875 240316875
324106875 304126875
340126875 304126875
321864075 321064875
321604875 321064875
324816075 324016875
324176805 324106875
324160875 324106875
134276085 134276805
134276850 134276805
134270856 134276850
134076285 134276085
034176285 134076285
134706285 134076285
304176285 034176285
104736285 134706285
134786205 134706285
134760285 134706285
014736285 104736285
140736285 104736285
714036285 014736285
146730285 140736285
063124875 163024875
163824075 163024875
603124875 063124875
214376085 214376805
214376850 214376805
214370856 214376850
214076385 214376085
014276385 214076385
214706385 214076385
104276385 014276385
174206385 104276385
140276385 104276385
146270385 140276385
204716385 214706385
214786305 214706385
214760385 214706385
024716385 204716385
240716385 204716385
724016385 024716385
234610875 230614875
231476085 231476805
231476850 231476805
231470856 231476850
231076485 231476085
031276485 231076485
231706485 231076485
301276485 031276485
371206485 301276485
310276485 301276485
316270485 310276485
201736485 231706485
231786405 231706485
231760485 231706485
021736485 201736485
210736485 201736485
721036485 021736485
216730485 210736485
374106285 304176285
340176285 304176285
301624875 321604875
321674805 321604875
321640875 321604875
031624875 301624875
310624875 301624875
631024875 031624875
314620875 310624875
320641875 321640875
321645870 321640875
321645807 321645870
302641875 320641875
342601875 302641875
032641875 302641875
632041875 032641875
320164875 324160875
324165870 324160875
324165807 324165870
302164875 320164875
362104875 302164875
032164875 302164875
132064875 032164875
132864075 132064875
132604875 132064875
102634875 132604875
132674805 132604875
132640875 132604875
012634875 102634875
120634875 102634875
612034875 012634875
124630875 120634875
124635870 124630875
124603875 124630875
124635807 124635870
104623875 124603875
124673805 124603875
124063875 124603875
024163875 124063875
124863075 124063875
204163875 024163875
014623875 104623875
140623875 104623875
614023875 014623875
130642875 132640875
132645870 132640875
132645807 132645870
103642875 130642875
143602875 103642875
013642875 103642875
613042875 013642875
264103875 204163875
240163875 204163875
143620875 140623875
143672805 143602875
143062875 143602875
043162875 143062875
143862075 143062875
403162875 043162875
143625870 143620875
143625807 143625870
243160875 240163875
243165870 243160875
243106875 243160875
243165807 243165870
203146875 243106875
243176805 243106875
243016875 243106875
023146875 203146875
230146875 203146875
123046875 023146875
123846075 123046875
123406875 123046875
103426875 123406875
123476805 123406875
123460875 123406875
013426875 103426875
130426875 103426875
413026875 013426875
120463875 123460875
123465870 123460875
123465807 123465870
102463875 120463875
162403875 102463875
012463875 102463875
412063875 012463875
136420875 130426875
123476085 123476805
123476850 123476805
123470856 123476850
123076485 123476085
023176485 123076485
123706485 123076485
203176485 023176485
103726485 123706485
123786405 123706485
123760485 123706485
013726485 103726485
130726485 103726485
713026485 013726485
273106485 203176485
230176485 203176485
236140875 230146875
123405867 123465807
123465087 123465807
103425867 123405867
123045867 123405867
123450867 123405867
013425867 103425867
130425867 103425867
413025867 013425867
023145867 123045867
123845067 123045867
203145867 023145867
120453867 123450867
123457860 123450867
123457806 123457860
102453867 120453867
152403867 102453867
012453867 102453867
412053867 012453867
123407856 123457806
123457086 123457806
123057486 123457086
023157486 123057486
123507486 123057486
203157486 023157486
103427856 123407856
123047856 123407856
013427856 103427856
130427856 103427856
413027856 013427856
023147856 123047856
123847056 123047856
203147856 023147856
123065487 123465087
023165487 123065487
123605487 123065487
203165487 023165487
103527486 123507486
123587406 123507486
123570486 123507486
013527486 103527486
130527486 103527486
513027486 013527486
253107486 203157486
230157486 203157486
120473856 123470856
102473856 120473856
172403856 102473856
012473856 102473856
412073856 012473856
120573486 123570486
123576480 123570486
123576408 123576480
102573486 120573486
172503486 102573486
012573486 102573486
512073486 012573486
103625487 123605487
123685407 123605487
123650487 123605487
013625487 103625487
130625487 103625487
613025487 013625487
120653487 123650487
123657480 123650487
123657408 123657480
102653487 120653487
152603487 102653487
012653487 102653487
612053487 012653487
120763485 123760485
123765480 123760485
123765408 123765480
102763485 120763485
162703485 102763485
012763485 102763485
712063485 012763485
123846705 123846075
123806745 123846705
123846750 123846705
123840756 123846750
103826745 123806745
123086745 123806745
123860745 123806745
023186745 123086745
123786045 123086745
203186745 023186745
013826745 103826745
130826745 103826745
813026745 013826745
135420867 130425867
137420856 130427856
137520486 130527486
136720485 130726485
243105867 203145867
230145867 203145867
243107856 203147856
230147856 203147856
263105487 203165487
230165487 203165487
283106745 203186745
230186745 203186745
237150486 230157486
236170485 230176485
043216875 243016875
243816075 243016875
403216875 043216875
413206875 403216875
430216875 403216875
413826075 413026875
413276805 413206875
413260875 413206875
120843756 123840756
123804756 123840756
102843756 120843756
142803756 102843756
012843756 102843756
812043756 012843756
103824756 123804756
123854706 123804756
123084756 123804756
023184756 123084756
123784056 123084756
203184756 023184756
013824756 103824756
130824756 103824756
813024756 013824756
123854076 123854706
123854760 123854706
123850764 123854760
120853764 123850764
123805764 123850764
102853764 120853764
152803764 102853764
012853764 102853764
812053764 012853764
103825764 123805764
123865704 123805764
123085764 123805764
023185764 123085764
123785064 123085764
203185764 023185764
013825764 103825764
130825764 103825764
813025764 013825764
283105764 203185764
230185764 203185764
123865074 123865704
123865740 123865704
123065874 123865074
023165874 123065874
123605874 123065874
203165874 023165874
103625874 123605874
123675804 123605874
123650874 123605874
013625874 103625874
130625874 103625874
613025874 013625874
120653874 123650874
123654870 123650874
123654807 123654870
102653874 120653874
152603874 102653874
012653874 102653874
612053874 012653874
263105874 203165874
230165874 203165874
135620874 130625874
235160874 230165874
123675084 123675804
123675840 123675804
123670845 123675840
123075684 123675084
023175684 123075684
123705684 123075684
203175684 023175684
103725684 123705684
123785604 123705684
123750684 123705684
013725684 103725684
130725684 103725684
713025684 013725684
120753684 123750684
123754680 123750684
123754608 123754680
102753684 120753684
152703684 102753684
012753684 102753684
712053684 012753684
273105684 203175684
230175684 203175684
135720684 130725684
235170684 230175684
135820764 130825764
235180764 230185764
123604857 123654807
123654087 123654807
123054687 123654087
023154687 123054687
123504687 123054687
203154687 023154687
103524687 123504687
123584607 123504687
123540687 123504687
013524687 103524687
130524687 103524687
513024687 013524687
120543687 123540687
123547680 123540687
123547608 123547680
102543687 120543687
142503687 102543687
012543687 102543687
512043687 012543687
253104687 203154687
230154687 203154687
134520687 130524687
234150687 230154687
123507648 123547608
123547068 123547608
103527648 123507648
123057648 123507648
123570648 123507648
023157648 123057648
123657048 123057648
203157648 023157648
013527648 103527648
130527648 103527648
513027648 013527648
123047568 123547068
023147568 123047568
123407568 123047568
203147568 023147568
103427568 123407568
123467508 123407568
123470568 123407568
013427568 103427568
130427568 103427568
413027568 013427568
123467058 123467508
123467580 123467508
123460587 123467580
120463587 123460587
123406587 123460587
103426587 123406587
123486507 123406587
123046587 123406587
013426587 103426587
130426587 103426587
413026587 013426587
023146587 123046587
123546087 123046587
203146587 023146587
102463587 120463587
162403587 102463587
012463587 102463587
412063587 012463587
123546807 123546087
136420587 130426587
243106587 203146587
230146587 203146587
123506847 123546807
123546870 123546807
123540876 123546870
120543876 123540876
123504876 123540876
102543876 120543876
142503876 102543876
012543876 102543876
512043876 012543876
103524876 123504876
123574806 123504876
123054876 123504876
023154876 123054876
203154876 023154876
013524876 103524876
130524876 103524876
513024876 013524876
253104876 203154876
230154876 203154876
103526847 123506847
123056847 123506847
123560847 123506847
023156847 123056847
123856047 123056847
203156847 023156847
013526847 103526847
130526847 103526847
513026847 013526847
134520876 130524876
253106847 203156847
230156847 203156847
236140587 230146587
234150876 230154876
123067458 123467058
023167458 123067458
123607458 123067458
203167458 023167458
120473568 123470568
123478560 123470568
123478506 123478560
102473568 120473568
172403568 102473568
012473568 102473568
412073568 012473568
123408576 123478506
123478056 123478506
103428576 123408576
123048576 123408576
123480576 123408576
013428576 103428576
130428576 103428576
413028576 013428576
023148576 123048576
123548076 123048576
203148576 023148576
120483576 123480576
123486570 123480576
102483576 120483576
182403576 102483576
012483576 102483576
412083576 012483576
123548706 123548076
123508746 123548706
123548760 123548706
123540768 123548760
103528746 123508746
123058746 123508746
123580746 123508746
023158746 123058746
123758046 123058746
203158746 023158746
013528746 103528746
130528746 103528746
513028746 013528746
120543768 123540768
123504768 123540768
102543768 120543768
142503768 102543768
012543768 102543768
512043768 012543768
103524768 123504768
123564708 123504768
123054768 123504768
023154768 123054768
123754068 123054768
203154768 023154768
013524768 103524768
130524768 103524768
513024768 013524768
138420576 130428576
243108576 203148576
230148576 203148576
253104768 203154768
230154768 203154768
253108746 203158746
230158746 203158746
123078456 123478056
023178456 123078456
123708456 123078456
203178456 023178456
123486057 123486507
123086457 123486057
023186457 123086457
123806457 123086457
203186457 023186457
120563847 123560847
123567840 123560847
123567804 123567840
123507864 123567804
123567084 123567804
103527864 123507864
123057864 123507864
123570864 123507864
023157864 123057864
123857064 123057864
203157864 023157864
013527864 103527864
130527864 103527864
513027864 013527864
123067584 123567084
023167584 123067584
123607584 123067584
203167584 023167584
103627584 123607584
123687504 123607584
123670584 123607584
013627584 103627584
130627584 103627584
613027584 013627584
253107864 203157864
230157864 203157864
263107584 203167584
230167584 203167584
120573864 123570864
123574860 123570864
102573864 120573864
172503864 102573864
012573864 102573864
512073864 012573864
120673584 123670584
123674580 123670584
123674508 123674580
102673584 120673584
172603584 102673584
012673584 102673584
612073584 012673584
137520864 130527864
137620584 130627584
237150864 230157864
237160584 230167584
123857604 123857064
123807654 123857604
123857640 123857604
123850647 123857640
103827654 123807654
123087654 123807654
123870654 123807654
023187654 123087654
123687054 123087654
203187654 023187654
013827654 103827654
130827654 103827654
813027654 013827654
283107654 203187654
230187654 203187654
102563847 120563847
162503847 102563847
012563847 102563847
512063847 012563847
123564078 123564708
123564780 123564708
123560784 123564780
120563784 123560784
123506784 123560784
103526784 123506784
123586704 123506784
123056784 123506784
023156784 123056784
123756084 123056784
203156784 023156784
013526784 103526784
130526784 103526784
513026784 013526784
253106784 203156784
230156784 203156784
102563784 120563784
162503784 102563784
012563784 102563784
512063784 012563784
136520784 130526784
236150784 230156784
123756804 123756084
123586074 123586704
123586740 123586704
123086574 123586074
023186574 123086574
123806574 123086574
203186574 023186574
123706854 123756804
123756840 123756804
123750846 123756840
103726854 123706854
123076854 123706854
123760854 123706854
023176854 123076854
123876054 123076854
203176854 023176854
013726854 103726854
130726854 103726854
713026854 013726854
103826574 123806574
123876504 123806574
123860574 123806574
013826574 103826574
130826574 103826574
813026574 013826574
273106854 203176854
230176854 203176854
283106574 203186574
230186574 203186574
253186704 253106784
253016784 253106784
253160784 253106784
053216784 253016784
253716084 253016784
503216784 053216784
513206784 503216784
530216784 503216784
513726084 513026784
513286704 513206784
513260784 513206784
120763854 123760854
123764850 123760854
123764805 123764850
102763854 120763854
162703854 102763854
012763854 102763854
712063854 012763854
120863574 123860574
123864570 123860574
123864507 123864570
102863574 120863574
162803574 102863574
012863574 102863574
812063574 012863574
136720854 130726854
136820574 130826574
136524780 136520784
136502784 136520784
136524708 136524780
106532784 136502784
136582704 136502784
136052784 136502784
016532784 106532784
160532784 106532784
516032784 016532784
036152784 136052784
136752084 136052784
306152784 036152784
162530784 160532784
162583704 162503784
162053784 162503784
062153784 162053784
162753084 162053784
602153784 062153784
162534780 162530784
162534708 162534780
236170854 230176854
236180574 230186574
236154780 236150784
236105784 236150784
236154708 236154780
206135784 236105784
236185704 236105784
236015784 236105784
026135784 206135784
260135784 206135784
126035784 026135784
126735084 126035784
126305784 126035784
106325784 126305784
126385704 126305784
126350784 126305784
016325784 106325784
160325784 106325784
316025784 016325784
120356784 126350784
126354780 126350784
126354708 126354780
102356784 120356784
152306784 102356784
012356784 102356784
312056784 012356784
312756084 312056784
312506784 312056784
152386704 152306784
152036784 152306784
152360784 152306784
052136784 152036784
152736084 152036784
502136784 052136784
302516784 312506784
312586704 312506784
312560784 312506784
032516784 302516784
320516784 302516784
532016784 032516784
326510784 320516784
150362784 152360784
152364780 152360784
152364708 152364780
105362784 150362784
165302784 105362784
015362784 105362784
315062784 015362784
165320784 160325784
310562784 312560784
312564780 312560784
312564708 312564780
301562784 310562784
361502784 301562784
031562784 301562784
531062784 031562784
532106784 502136784
520136784 502136784
526130784 520136784
036215784 236015784
236715084 236015784
306215784 036215784
250163784 253160784
253164780 253160784
253164708 253164780
205163784 250163784
265103784 205163784
025163784 205163784
125063784 025163784
125763084 125063784
125603784 125063784
105623784 125603784
125683704 125603784
125630784 125603784
015623784 105623784
150623784 105623784
615023784 015623784
120635784 125630784
125634780 125630784
125634708 125634780
102635784 120635784
132605784 102635784
012635784 102635784
612035784 012635784
132685704 132605784
132065784 132605784
132650784 132605784
032165784 132065784
132765084 132065784
302165784 032165784
130652784 132650784
132654780 132650784
132654708 132654780
103652784 130652784
153602784 103652784
013652784 103652784
613052784 013652784
362105784 302165784
320165784 302165784
325160784 320165784
132765804 132765084
153620784 150623784
153682704 153602784
153062784 153602784
053162784 153062784
153762084 153062784
503162784 053162784
153624780 153620784
153624708 153624780
265130784 260135784
356102784 306152784
360152784 306152784
316205784 306215784
360215784 306215784
312756804 312756084
315762084 315062784
315602784 315062784
316725084 316025784
316285704 316205784
316250784 316205784
310256784 316250784
316254780 316250784
316254708 316254780
301256784 310256784
351206784 301256784
031256784 301256784
231056784 031256784
231756084 231056784
231506784 231056784
201536784 231506784
231586704 231506784
231560784 231506784
021536784 201536784
210536784 201536784
521036784 021536784
216530784 210536784
230561784 231560784
231564780 231560784
231564708 231564780
203561784 230561784
263501784 203561784
023561784 203561784
523061784 023561784
521736084 521036784
521306784 521036784
501326784 521306784
521386704 521306784
521360784 521306784
051326784 501326784
510326784 501326784
351026784 051326784
516320784 510326784
216534780 216530784
216503784 216530784
216534708 216534780
206513784 216503784
216583704 216503784
216053784 216503784
016253784 216053784
216753084 216053784
106253784 016253784
156203784 106253784
160253784 106253784
163250784 160253784
163254780 163250784
163205784 163250784
163254708 163254780
103265784 163205784
163285704 163205784
163025784 163205784
013265784 103265784
130265784 103265784
213065784 013265784
135260784 130265784
213765084 213065784
213605784 213065784
203615784 213605784
213685704 213605784
213650784 213605784
023615784 203615784
230615784 203615784
623015784 023615784
210653784 213650784
213654780 213650784
213654708 213654780
201653784 210653784
251603784 201653784
021653784 201653784
621053784 021653784
135264780 135260784
135206784 135260784
135264708 135264780
105236784 135206784
135286704 135206784
135026784 135206784
015236784 105236784
150236784 105236784
215036784 015236784
035126784 135026784
135726084 135026784
305126784 035126784
156230784 150236784
215736084 215036784
215306784 215036784
205316784 215306784
215386704 215306784
215360784 215306784
025316784 205316784
250316784 205316784
325016784 025316784
063125784 163025784
163725084 163025784
603125784 063125784
210365784 215360784
215364780 215360784
215364708 215364780
201365784 210365784
261305784 201365784
021365784 201365784
321065784 021365784
321765084 321065784
321605784 321065784
235610784 230615784
256310784 250316784
325106784 305126784
350126784 305126784
301625784 321605784
321685704 321605784
321650784 321605784
031625784 301625784
310625784 301625784
631025784 031625784
315620784 310625784
320651784 321650784
321654780 321650784
321654708 321654780
302651784 320651784
352601784 302651784
032651784 302651784
632051784 032651784
325716084 325016784
325186704 325106784
026513784 206513784
260513784 206513784
526013784 026513784
213765804 213765084
231756804 231756084
261385704 261305784
261035784 261305784
261350784 261305784
061235784 261035784
261735084 261035784
601235784 061235784
260351784 261350784
261354780 261350784
261354708 261354780
206351784 260351784
256301784 206351784
026351784 206351784
326051784 026351784
325164780 325160784
325164708 325164780
326751084 326051784
326501784 326051784
356120784 350126784
351726084 351026784
351286704 351206784
351260784 351206784
563102784 503162784
530162784 503162784
512763084 512063784
512603784 512063784
510263784 513260784
513264780 513260784
513264708 513264780
501263784 510263784
561203784 501263784
051263784 501263784
251063784 051263784
251763084 251063784
520361784 521360784
521364780 521360784
521364708 521364780
502361784 520361784
562301784 502361784
052361784 502361784
352061784 052361784
523761084 523061784
523601784 523061784
536210784 530216784
532716084 532016784
532186704 532106784
532160784 532106784
631205784 601235784
610235784 601235784
652103784 602153784
620153784 602153784
623105784 603125784
630125784 603125784
615230784 610235784
612735084 612035784
612305784 612035784
602315784 612305784
612385704 612305784
612350784 612305784
062315784 602315784
620315784 602315784
362015784 062315784
610352784 612350784
612354780 612350784
612354708 612354780
601352784 610352784
651302784 601352784
061352784 601352784
361052784 061352784
613752084 613052784
613502784 613052784
623150784 620153784
625310784 620315784
621753084 621053784
621503784 621053784
623715084 623015784
623185704 623105784
623154780 623150784
623154708 623154780
123064578 123564078
023164578 123064578
123604578 123064578
203164578 023164578
123574086 123574806
123074586 123574086
023174586 123074586
123704586 123074586
203174586 023174586
103724586 123704586
123784506 123704586
123740586 123704586
013724586 103724586
130724586 103724586
713024586 013724586
120743586 123740586
123746580 123740586
123746508 123746580
102743586 120743586
142703586 102743586
012743586 102743586
712043586 012743586
273104586 203174586
230174586 203174586
120583746 123580746
102583746 120583746
182503746 102583746
012583746 102583746
512083746 012583746
103624578 123604578
123640578 123604578
013624578 103624578
130624578 103624578
613024578 013624578
103624857 123604857
123064857 123604857
123640857 123604857
023164857 123064857
123864057 123064857
203164857 023164857
013624857 103624857
130624857 103624857
613024857 013624857
120643578 123640578
123648570 123640578
123648507 123648570
102643578 120643578
142603578 102643578
012643578 102643578
612043578 012643578
120643857 123640857
123647850 123640857
123647805 123647850
123607845 123647805
123647085 123647805
123047685 123647085
023147685 123047685
123407685 123047685
203147685 023147685
103427685 123407685
123487605 123407685
123470685 123407685
013427685 103427685
130427685 103427685
413027685 013427685
120473685 123470685
123475680 123470685
123475608 123475680
102473685 120473685
172403685 102473685
012473685 102473685
412073685 012473685
137420685 130427685
243107685 203147685
230147685 203147685
237140685 230147685
123487065 123487605
123487650 123487605
123480657 123487650
123087465 123487065
023187465 123087465
123807465 123087465
203187465 023187465
103627845 123607845
123067845 123607845
023167845 123067845
123867045 123067845
203167845 023167845
013627845 103627845
130627845 103627845
613027845 013627845
263107845 203167845
230167845 203167845
243187605 243107685
243017685 243107685
243170685 243107685
043217685 243017685
243617085 243017685
403217685 043217685
413207685 403217685
430217685 403217685
413627085 413027685
413287605 413207685
413270685 413207685
102643857 120643857
142603857 102643857
012643857 102643857
612043857 012643857
123405678 123475608
123475068 123475608
103425678 123405678
123045678 123405678
123450678 123405678
013425678 103425678
130425678 103425678
413025678 013425678
023145678 123045678
123645078 123045678
203145678 023145678
120453678 123450678
123458670 123450678
123458607 123458670
102453678 120453678
152403678 102453678
012453678 102453678
412053678 012453678
123408657 123458607
123458067 123458607
103428657 123408657
123048657 123408657
013428657 103428657
130428657 103428657
413028657 013428657
023148657 123048657
123648057 123048657
203148657 023148657
123058467 123458067
023158467 123058467
123508467 123058467
203158467 023158467
135420678 130425678
243105678 203145678
230145678 203145678
123075468 123475068
023175468 123075468
123705468 123075468
203175468 023175468
120483657 123480657
102483657 120483657
182403657 102483657
012483657 102483657
412083657 012483657
103528467 123508467
123568407 123508467
123580467 123508467
013528467 103528467
130528467 103528467
513028467 013528467
123645708 123645078
123605748 123645708
123645780 123645708
123640785 123645780
120643785 123640785
123604785 123640785
102643785 120643785
142603785 102643785
012643785 102643785
612043785 012643785
103624785 123604785
123684705 123604785
123064785 123604785
023164785 123064785
123764085 123064785
203164785 023164785
013624785 103624785
130624785 103624785
613024785 013624785
263104785 203164785
230164785 203164785
134620785 130624785
234160785 230164785
134625780 134620785
134602785 134620785
134625708 134625780
104632785 134602785
134682705 134602785
134062785 134602785
014632785 104632785
140632785 104632785
614032785 014632785
034162785 134062785
134762085 134062785
304162785 034162785
142630785 140632785
142683705 142603785
142063785 142603785
042163785 142063785
142763085 142063785
402163785 042163785
142635780 142630785
142635708 142635780
234165780 234160785
234106785 234160785
234165708 234165780
204136785 234106785
234186705 234106785
234016785 234106785
024136785 204136785
240136785 204136785
124036785 024136785
124736085 124036785
124306785 124036785
104326785 124306785
124386705 124306785
124360785 124306785
014326785 104326785
140326785 104326785
314026785 014326785
120364785 124360785
124365780 124360785
124365708 124365780
102364785 120364785
162304785 102364785
012364785 102364785
312064785 012364785
146320785 140326785
034216785 234016785
234716085 234016785
304216785 034216785
246130785 240136785
314206785 304216785
340216785 304216785
312764085 312064785
312604785 312064785
314726085 314026785
314286705 314206785
314260785 314206785
124386075 124386705
124386750 124386705
124380756 124386750
124086375 124386075
024186375 124086375
124806375 124086375
204186375 024186375
124736805 124736085
162384705 162304785
162034785 162304785
162340785 162304785
062134785 162034785
162734085 162034785
602134785 062134785
160342785 162340785
162345780 162340785
162345708 162345780
106342785 160342785
146302785 106342785
016342785 106342785
316042785 016342785
364102785 304162785
340162785 304162785
302614785 312604785
312684705 312604785
312640785 312604785
032614785 302614785
320614785 302614785
632014785 032614785
310642785 312640785
312645780 312640785
312645708 312645780
301642785 310642785
341602785 301642785
031642785 301642785
631042785 031642785
310264785 314260785
314265780 314260785
314265708 314265780
301264785 310264785
361204785 301264785
031264785 301264785
231064785 031264785
231764085 231064785
231604785 231064785
201634785 231604785
231684705 231604785
231640785 231604785
021634785 201634785
210634785 201634785
621034785 021634785
214630785 210634785
214635780 214630785
214603785 214630785
214635708 214635780
204613785 214603785
214683705 214603785
214063785 214603785
014263785 214063785
214763085 214063785
104263785 014263785
164203785 104263785
140263785 104263785
143260785 140263785
143265780 143260785
143206785 143260785
143265708 143265780
103246785 143206785
143286705 143206785
143026785 143206785
013246785 103246785
130246785 103246785
213046785 013246785
136240785 130246785
213746085 213046785
213406785 213046785
203416785 213406785
213486705 213406785
213460785 213406785
023416785 203416785
230416785 203416785
423016785 023416785
043126785 143026785
143726085 143026785
403126785 043126785
210463785 213460785
213465780 213460785
213465708 213465780
201463785 210463785
261403785 201463785
021463785 201463785
421063785 021463785
236410785 230416785
423106785 403126785
430126785 403126785
423716085 423016785
423186705 423106785
423160785 423106785
136245780 136240785
136204785 136240785
136245708 136245780
106234785 136204785
136284705 136204785
136024785 136204785
016234785 106234785
160234785 106234785
216034785 016234785
036124785 136024785
136724085 136024785
306124785 036124785
164230785 160234785
024613785 204613785
240613785 204613785
624013785 024613785
213486075 213486705
213486750 213486705
213480756 213486750
213086475 213486075
013286475 213086475
213806475 213086475
103286475 013286475
183206475 103286475
130286475 103286475
136280475 130286475
213746805 213746085
216734085 216034785
216304785 216034785
206314785 216304785
216384705 216304785
216340785 216304785
026314785 206314785
260314785 206314785
326014785 026314785
210346785 216340785
216345780 216340785
216345708 216345780
201346785 210346785
241306785 201346785
021346785 201346785
321046785 021346785
321746085 321046785
321406785 321046785
301426785 321406785
321486705 321406785
321460785 321406785
031426785 301426785
310426785 301426785
431026785 031426785
316420785 310426785
241386705 241306785
241036785 241306785
241360785 241306785
041236785 241036785
241736085 241036785
401236785 041236785
320461785 321460785
321465780 321460785
321465708 321465780
302461785 320461785
362401785 302461785
032461785 302461785
432061785 032461785
431206785 401236785
410236785 401236785
416230785 410236785
230641785 231640785
231645780 231640785
231645708 231645780
203641785 230641785
243601785 203641785
023641785 203641785
623041785 023641785
240361785 241360785
241365780 241360785
241365708 241365780
204361785 240361785
264301785 204361785
024361785 204361785
324061785 024361785
324610785 320614785
324761085 324061785
324601785 324061785
346210785 340216785
462103785 402163785
420163785 402163785
421763085 421063785
421603785 421063785
423165780 423160785
423165708 423165780
436120785 430126785
431726085 431026785
431286705 431206785
431260785 431206785
103625748 123605748
123065748 123605748
123650748 123605748
023165748 123065748
123765048 123065748
203165748 023165748
013625748 103625748
130625748 103625748
613025748 013625748
120653748 123650748
123658740 123650748
123658704 123658740
123608754 123658704
123658074 123658704
103628754 123608754
123068754 123608754
123680754 123608754
023168754 123068754
123768054 123068754
203168754 023168754
013628754 103628754
130628754 103628754
613028754 013628754
123058674 123658074
023158674 123058674
123508674 123058674
203158674 023158674
103528674 123508674
123578604 123508674
123580674 123508674
013528674 103528674
130528674 103528674
513028674 013528674
253108674 203158674
230158674 203158674
120583674 123580674
123584670 123580674
102583674 120583674
182503674 102583674
012583674 102583674
512083674 012583674
138520674 130528674
263108754 203168754
230168754 203168754
238150674 230158674
123578064 123578604
123578640 123578604
123078564 123578064
023178564 123078564
123708564 123078564
203178564 023178564
120683754 123680754
123684750 123680754
102683754 120683754
182603754 102683754
012683754 102683754
612083754 012683754
103728564 123708564
123768504 123708564
123780564 123708564
013728564 103728564
130728564 103728564
713028564 013728564
138620754 130628754
273108564 203178564
230178564 203178564
238160754 230168754
102653748 120653748
152603748 102653748
012653748 102653748
612053748 012653748
120673845 123670845
102673845 120673845
172603845 102673845
012673845 102673845
612073845 012673845
123684075 123684705
123084675 123684075
023184675 123084675
123804675 123084675
203184675 023184675
103824675 123804675
123874605 123804675
123840675 123804675
013824675 103824675
130824675 103824675
813024675 013824675
120843675 123840675
123845670 123840675
123845607 123845670
102843675 120843675
142803675 102843675
012843675 102843675
812043675 012843675
283104675 203184675
230184675 203184675
123687540 123687504
123680547 123687540
120753846 123750846
123705846 123750846
102753846 120753846
152703846 102753846
012753846 102753846
712053846 012753846
103725846 123705846
123745806 123705846
123075846 123705846
023175846 123075846
123875046 123075846
203175846 023175846
013725846 103725846
130725846 103725846
713025846 013725846
123745086 123745806
123745860 123745806
123740865 123745860
120743865 123740865
123704865 123740865
102743865 120743865
142703865 102743865
012743865 102743865
712043865 012743865
103724865 123704865
123074865 123704865
023174865 123074865
123874065 123074865
203174865 023174865
013724865 103724865
130724865 103724865
713024865 013724865
123045786 123745086
023145786 123045786
123405786 123045786
203145786 023145786
103425786 123405786
123485706 123405786
123450786 123405786
013425786 103425786
130425786 103425786
413025786 013425786
120453786 123450786
123456780 123450786
